4687
2514
821
2937
5908
5502
6337
6114
6004
2257
3822
999
3834
1916
5881
5670
6816
6751
7567
7717
2468
5263
4612
6646
5919
7511
583
5214
3539
1468
2838
950
6467
6150
6958
2576
3591
6395
1990
606
5727
1262
7100
4944
1032
2424
5200
637
4173
4230
1680
1540
6496
276
595
243
1897
2295
6890
3879
4382
6241
5460
949
2964
5025
4273
4297
4948
5737
3257
5069
1714
340
6638
6349
1434
1191
4751
1880
4076
1944
1615
6761
7114
6860
7686
583
5295
2469
2533
7721
7682
2300
2095
3294
1898
7403
7398
3628
1893
143
3716
7735
6996
2892
6892
5733
6745
2833
7648
7488
6756
5853
1844
3548
7242
3521
259
4729
2968
3048
5728
3050
5926
7766
1808
55
4015
1709
182
6913
5279
7541
5774
2340
558
476
7070
6434
4077
508
1834
1981
4702
4381
360
1956
137
379
755
786
1100
1673
3139
3764
4083
6837
5725
3274
3849
7598
1223
2383
1837
3940
4671
1820
7016
7119
6060
2442
2877
7922
2389
2455
1730
5345
2065
1162
6767
257
447
4826
6901
2447
6647
6413
3920
2723
7040
7261
3424
7350
4035
159
3701
7586
4479
2150
169
1002
5503
102
1074
4090
7689
3669
1143
7024
6617
4695
7203
7898
1741
6425
3064
7938
5346
4669
3687
7016
543
2296
7325
5710
3344
5945
7647
4346
3638
1740
4377
6775
5949
3645
3699
5341
174
7424
6502
4626
4582
5968
6158
5521
6343
663
7616
6570
5549
3790
733
778
164
165
3623
4349
3864
7333
3860
7857
7116
7572
5025
3709
1167
5657
425
1313
5420
4256
7926
4752
5282
1216
3287
6187
7252
1819
5299
2000
6016
7686
1052
4691
1589
2155
6951
331
3521
4267
7164
5073
7017
3527
4521
1540
4446
3072
7100
1425
300
4669
3024
5233
1715
3630
5351
1970
2139
7215
6649
2043
6724
7855
5580
3210
2876
5521
197
5185
7157
2578
1790
4257
4278
6061
4760
6933
3216
6715
7443
5170
4052
671
7963
7293
6403
2913
4517
558
3206
1369
7995
3443
863
911
6356
1336
4448
4256
7272
4134
6363
4451
4610
1449
7129
2829
3735
7479
2895
530
3350
590
4749
6541
7168
1852
5241
4962
3898
5413
252
610
5153
641
6075
6127
5597
2148
4489
7392
4345
1794
1946
1191
2674
6770
2171
2224
5389
3698
2113
4813
4590
4268
5760
7761
1319
759
3645
3257
4942
7777
677
6162
4498
1004
1215
5590
6159
5270
5855
2393
2911
478
3164
5219
5364
3651
837
2143
227
271
720
4212
7107
7636
4819
4081
1655
4790
247
4398
2504
5737
3177
3824
4663
60
6354
3278
3537
6871
1162
7762
4419
7424
3720
1314
1776
3300
157
6752
3009
1109
6243
6798
6716
4367
1264
6454
3673
3647
7823
4873
3153
1926
1584
6598
4535
7034
2782
1053
1867
1197
2162
5973
4877
2035
7302
4139
4879
7774
4461
6651
7054
5516
4961
7460
642
3748
2493
872
3124
7964
3437
5521
2256
2750
5794
218
6331
3309
4234
5132
230
3043
5439
1000
2084
3708
1278
709
4280
5368
4444
7482
3635
956
6836
6974
2749
2843
740
2062
5553
1300
3833
3535
7662
5468
1767
2229
1450
7965
2430
1315
5578
7742
7641
788
1328
165
7768
697
7765
7226
7633
2083
4887
5358
579
2468
5844
3261
6603
4721
759
4911
2203
1227
3090
3877
2599
7071
2925
5778
4001
6826
7966
7176
7016
3552
1690
4661
573
7823
6987
6573
6390
7104
4899
1578
5046
4958
303
3920
5212
282
5871
4214
1723
333
4133
2787
3915
991
4972
1685
2333
2473
1163
72
2645
4246
3274
1076
3475
463
2244
6872
1906
1623
318
1398
1845
5811
4983
1055
830
3215
3968
6320
5249
3869
4558
7389
4473
6207
4366
4781
25
5415
3576
4934
1670
1788
6439
1451
7939
3648
4776
2435
4973
2993
3281
4764
7336
1517
5844
4975
6553
7193
4692
6502
3158
6274
7542
347
2330
2437
7676
7395
126
237
1486
4811
7140
2140
5338
1057
182
3692
158
886
2447
533
5251
547
2487
1682
5485
4234
3541
3391
2704
5726
7200
6342
7365
3942
5911
5370
4189
4478
6130
6339
5813
4830
3096
5692
3146
7326
4562
3097
2447
4858
6784
5069
5181
851
5322
5803
683
2999
6554
3723
1694
1890
1416
751
2018
4997
470
5734
2522
4678
6750
241
7188
5895
2248
3109
4064
619
2496
7184
7267
598
7272
927
2279
3637
1546
7423
4085
447
6416
2371
5606
5050
1527
4230
4598
2112
2561
5457
2778
7875
7914
4351
1044
7759
7838
7326
3780
4687
4777
4697
4417
595
2031
1172
7080
6864
541
1048
7284
3368
5087
3952
3407
492
7700
466
4840
7968
7871
3202
7622
7038
1535
6196
4828
5181
1473
1713
1309
3282
948
2427
1873
184
6781
372
4073
2349
6444
7228
208
4029
3055
4890
1858
7362
6086
7965
3425
556
4919
3907
2438
3134
2435
5657
21
7001
4824
676
3156
7549
5768
7360
7485
13
6074
4295
5841
5906
7072
5172
496
2307
3177
4808
1511
4036
7287
2349
137
876
4755
2010
7937
1291
4960
7734
4582
3372
1165
7360
1616
791
2447
4526
6506
4506
1295
980
457
4745
991
1672
124
2628
1139
1604
869
5816
6350
4364
4935
4776
7098
2384
4319
2798
1596
5779
4344
4220
6599
4877
5242
5544
5872
846
66
7400
1890
7973
248
7770
1683
1408
2013
5959
2230
4372
2532
168
1075
7104
4419
5417
1428
941
5577
7406
4353
7800
1778
788
6062
5075
377
6969
3219
2664
7469
6974
4444
6784
3335
3275
1378
6948
1723
2580
3035
5249
1357
2715
4941
3089
1062
7734
5129
7096
1191
3027
917
2156
765
7161
1322
3609
4854
4689
3040
836
659
356
4838
1198
1630
2790
7990
7675
3453
2548
2504
339
7688
5082
7878
2121
1048
5976
1345
1467
736
6502
4194
4793
5825
437
4515
5033
7832
3256
1407
3945
1755
3683
7782
6199
3300
6002
7414
7630
3276
7534
423
6482
1660
748
2565
6958
128
7702
356
2172
2973
7597
3535
6309
6885
2255
3073
7241
5192
4150
2072
5857
7981
6402
4358
2274
1538
7992
1226
7973
976
6218
4639
6022
5970
5657
5363
6410
6535
1016
6042
836
2758
1779
7812
1657
2514
1104
2028
1026
3374
5012
3539
7090
1970
4809
941
953
5791
3839
2522
5448
3440
7825
2135
1270
2033
681
1846
3171
2836
4102
4811
2587
2434
4669
6505
7676
1455
6014
13
988
1841
409
2456
5285
530
5441
7811
194
4068
7247
6542
2687
2964
4426
2425
2347
6594
3621
2807
5057
6544
6153
2976
520
5369
5589
2918
4792
3557
5795
3722
1694
7546
142
6223
2434
5108
5681
239
4230
7864
6384
2510
7441
485
637
1388
5037
2349
5204
4254
1774
1507
3208
5375
1237
724
6786
4963
2547
3611
3335
5452
2450
6000
1401
225
6416
257
225
6171
6029
6468
811
6402
584
7115
4082
3736
3396
7321
1086
2644
1841
7284
3851
3217
7304
2683
6669
1608
375
2746
6832
5564
830
6204
4772
756
5465
5472
2009
4078
3295
6191
4551
338
6570
301
5234
7013
5752
558
620
4415
5201
4075
5211
3775
4330
149
572
3197
3594
6569
3496
7552
5611
4485
3607
2097
163
1658
354
6032
6467
5602
4557
422
1280
2740
644
1595
7632
597
1317
6920
7383
3185
959
687
4355
2123
7834
7594
3572
2257
4151
5442
609
3892
344
7745
5751
1591
4355
2473
1027
6597
7172
2278
4177
1927
5105
3458
2069
4534
4849
2264
1035
2094
7615
3659
3227
1092
108
4343
7103
4698
7395
2856
4071
1265
5425
6410
285
2686
2885
6369
6117
255
1972
6139
7079
5071
7488
4642
2832
952
4889
534
7925
457
5476
7226
7993
7337
5052
205
561
3883
374
6556
2055
3235
682
1718
1244
3767
7662
2593
1458
5753
5925
523
456
3252
3513
7555
6726
5764
4196
1961
6172
5803
3381
7523
7207
5858
17
4690
980
749
312
5829
7047
7922
4873
1580
6462
6603
2185
6543
433
2522
1696
6399
1597
4189
6372
6669
4226
834
6298
1531
5322
1532
7482
1520
1387
982
4211
688
5742
3335
4207
6794
6576
7
3224
4052
585
1762
7259
3220
236
2251
876
3648
3214
2546
5642
4521
1611
3353
580
3443
965
5987
6012
2248
6094
6830
4075
7373
7816
5090
7141
3477
138
3658
1118
2709
7686
1827
1006
3993
489
2419
3985
437
1603
7324
1906
7549
360
6769
7657
4344
2582
5384
6978
1875
87
2705
7744
3603
6825
870
737
2893
733
4835
7332
5273
189
183
6089
4292
625
763
472
3077
6180
5699
1828
3187
226
4787
3537
1332
2309
3348
6932
7097
400
4775
1210
680
5979
3706
5164
730
560
6520
6641
6983
3638
389
2484
6846
1740
4811
712
4634
7480
3022
7849
7537
5697
1671
2692
1486
3097
4143
2042
2978
4031
4698
4002
4662
7908
966
6669
7972
397
5492
2445
1991
7928
1718
7480
3056
6274
6346
4009
6619
1160
3750
3720
4001
461
1172
7755
5102
5788
6208
5949
182
5486
2384
3966
5284
1293
6963
3276
3667
2682
5245
4608
3969
844
242
2140
5313
795
6944
131
2991
3228
6515
4041
809
13
835
2285
4924
340
7088
7908
669
4003
305
4953
730
6238
4649
7089
2000
896
5371
2387
733
6523
3744
6376
6680
4446
439
4703
5696
4348
2588
1653
7795
7819
7995
6771
1377
5834
7270
1720
767
4327
422
6968
7936
6431
1615
1989
449
7719
2648
269
387
5451
3881
2340
6751
341
6452
1348
2357
6768
649
4243
3622
7309
4709
7396
6403
5702
6347
191
4869
705
7255
7717
2750
6680
6094
2703
6863
2870
7481
6135
7644
772
1716
5337
6717
7558
4866
1083
118
1855
1251
43
7786
3420
361
3272
6859
5263
6087
515
2965
5819
811
7527
3772
912
5261
3735
3618
1271
2696
791
1038
752
490
7375
602
3449
583
5387
4267
1331
7122
5061
615
7360
3822
5671
353
5423
1665
2124
2648
155
2122
6727
6818
4944
629
4134
1763
112
7213
2744
4482
7701
1778
7308
798
2872
299
3132
6076
338
4861
2922
4037
1536
1756
6794
174
5740
3362
2528
2807
170
3550
1035
6616
6944
4654
259
2872
554
7440
2655
3873
125
2101
2074
3761
7114
2199
4118
6802
4837
13
4257
812
5862
5852
5304
5592
2127
1169
4553
4696
3056
3404
7101
646
6664
5663
2550
1355
2029
7576
6422
3857
110
6618
384
5243
1270
7795
610
147
1907
5225
1011
6532
6520
4054
4025
6793
2848
182
6799
1637
3509
2559
37
2837
3280
2161
1224
1219
7169
4845
5796
7996
2864
5130
263
4900
5637
1318
5799
2728
518
1786
7207
4853
1663
1329
1942
6247
6055
6139
5944
5317
960
2909
4810
3563
7551
7755
7808
839
1645
4728
7761
5064
717
4845
3509
1684
6783
1561
3501
4218
5988
6696
7109
6567
1411
5206
3734
4572
6252
3718
3214
3487
7578
7374
7924
3953
3358
7765
7910
5889
7098
6497
6693
1823
7883
5610
2772
4147
3244
3571
1533
431
5526
3290
1365
5762
6924
6701
4545
5135
3830
703
5145
733
1036
3131
4203
4816
3701
1849
5379
6104
1904
911
4201
4712
628
682
2476
5674
7827
2653
3102
3633
5924
1080
1632
6127
6561
5853
1376
3752
2766
6287
7583
2470
3740
3148
4472
7406
3468
7837
4446
3124
1943
6827
4517
7691
4942
7956
5123
479
3774
4670
1112
5606
4630
2987
877
4180
3724
4494
7993
4686
5692
7838
2922
482
2834
5416
482
6965
1131
4969
3583
5885
3831
1052
1567
2096
6562
6737
1763
7611
6131
7743
7860
5816
1908
3035
6148
6042
4243
4713
7255
5419
3592
595
3329
1849
7736
7416
3377
7180
281
5126
878
155
920
2187
4513
6783
951
968
3220
7719
1915
3016
2873
4174
6213
6191
2734
1130
5759
1622
5247
5414
7801
5974
4589
19
6292
1955
5997
5722
3168
4828
4660
4534
65
6623
7602
1056
855
4002
3932
5514
6878
7424
1071
2575
3282
1296
1074
5994
343
892
5755
3815
2777
3729
5492
4504
2160
5330
7647
713
6854
1234
5336
7990
5627
3009
5083
6203
2440
5063
7813
843
1507
4623
7839
3365
2275
3366
4312
5252
2341
6916
7954
982
2862
1321
2145
2416
2962
2860
1487
5952
7060
2448
163
7555
1166
5785
2594
1656
5459
3550
3159
84
4564
5598
7952
1335
704
3288
7977
351
7599
1877
7949
28
2753
6857
3961
4931
4290
6426
4675
6759
3089
7680
3867
325
1282
5646
4242
2367
320
7503
6040
3212
6775
4821
7882
2029
1969
1358
1836
1571
7167
1752
306
2975
2266
3543
1670
1594
10
1860
6533
2598
903
776
7562
2532
542
2313
1520
7736
4247
1604
4306
4570
3605
92
3029
2671
5053
7281
41
4791
7131
7541
7755
5064
6337
2299
7311
6011
3953
3089
7772
5221
2044
1296
5368
5705
6252
4529
7622
1611
352
5474
652
5800
4022
3161
2490
933
6062
6633
1448
5957
1547
2963
1952
3519
253
5150
3932
623
4990
7530
337
7756
5946
2369
4716
2970
7218
6831
1435
1825
2402
4308
783
2141
7265
4343
3520
6007
6986
2397
5298
4148
5977
602
7479
4013
7959
7528
5430
2239
1658
5622
4330
7619
7623
834
2350
5057
5753
3242
6775
2656
2214
2240
2018
6433
6240
2972
304
461
6938
502
7374
4972
7947
1460
6618
5432
216
5504
6244
2961
1069
4830
4785
1138
1515
1404
326
6756
7369
6347
2083
6834
7028
5582
4685
348
2425
7409
720
2384
613
5211
6469
7637
491
4166
1041
7114
1669
5327
6126
4495
5534
7177
6894
2626
880
1431
4477
2925
618
4986
5798
2301
3668
3751
6424
4854
501
3037
1579
7078
4597
6197
222
5720
6911
4539
7650
1609
3625
5116
605
2144
5335
4640
6312
2841
1628
7674
2713
323
2019
5022
520
2219
846
3571
2956
4824
1116
7496
3846
760
1360
4076
7585
91
5712
1720
6743
7455
7435
5168
56
43
5790
523
2855
1761
2489
4302
4261
5005
1597
5343
4242
6499
3625
5273
1008
7656
5494
220
6187
5167
191
5799
2518
1991
4133
3112
7544
2867
5106
4882
2631
2394
189
6385
1267
576
1613
122
6118
7093
1345
5863
2187
4428
6190
1729
6157
7119
7755
894
4193
945
1802
6030
5830
5956
1224
1137
1739
7276
2535
6603
3026
7764
2553
3578
4757
928
737
4583
2598
7074
1524
7515
7739
4816
7846
3221
3753
5814
1826
7001
6384
2728
2489
5770
2104
1659
5695
4475
410
2100
434
4547
2018
6017
1181
4943
3156
6439
7484
5309
2860
6268
7137
4262
6442
918
5782
4666
1230
6403
836
1043
1441
1594
3668
963
6772
2834
2067
1135
5100
434
6171
2337
4926
6153
4336
1112
760
3647
296
4259
1537
6059
2383
7086
5537
3206
9
2395
2564
5152
185
5780
1274
7377
3106
4192
4739
7283
1292
1077
4746
2126
7466
4238
6383
7700
249
508
6025
7375
6571
641
1644
2199
4037
3227
1959
7368
5958
606
273
691
9
5765
4422
4052
5996
3914
6060
6404
4594
820
2747
5168
4390
689
5564
6090
961
3044
1872
5822
6222
5696
1205
7272
5772
6486
4805
4
2644
6443
191
6182
5180
1806
7882
2347
3578
6761
7799
1967
3469
6677
5895
3840
3672
5235
6957
2515
4944
2424
7381
7478
3353
4680
4324
1158
1836
6151
4098
4002
5436
1387
4694
5151
1305
3734
4816
6974
2516
4772
2797
2267
7844
447
4214
6566
392
1595
3594
2071
942
2143
5790
2974
5652
3648
3650
7641
4909
2069
3558
1162
5126
3398
7004
5960
3497
7942
2079
4789
4290
5091
6741
3503
2688
5723
6353
1291
1214
6898
2588
383
6435
5185
2037
2462
2695
3601
4374
7498
1943
808
2297
6501
3322
4771
3355
1800
372
773
2688
2168
1035
1807
631
7637
169
6353
3423
6869
4226
6143
6826
4977
4406
327
7521
7774
4409
6946
1000
2943
1393
4266
6660
3481
7519
6443
3290
4231
7746
5436
122
5167
5241
4880
475
3764
3495
4744
7464
4141
2331
2507
508
5910
5041
1369
3499
5190
1843
732
1345
1953
6916
5825
3150
2319
5567
5061
6434
7341
7707
2323
6485
5826
2514
1677
4362
5812
3842
2793
3445
7164
3091
6270
5147
2071
1562
6366
3225
6974
7165
3879
2536
6873
4440
661
5663
5680
7200
3610
186
7586
3846
7921
1113
4633
7583
4207
460
4541
5121
3419
4493
7208
880
7423
7566
3482
7162
7935
7349
2607
4895
5482
5477
4878
1397
975
3328
7906
2507
18
1258
3022
4493
5438
7503
2524
295
1885
3943
7543
7981
4102
5433
2459
6267
2295
7133
4233
536
6180
5447
5247
1441
3278
1153
7975
419
3222
6200
4559
2696
7316
7674
7001
5174
3876
6078
1652
4084
1536
4837
6474
3342
1812
6783
2619
635
6157
7761
6475
5886
2227
790
6807
330
3642
1091
5774
3177
5651
2959
2717
863
1480
6003
4011
458
6792
6190
6919
1036
1856
4941
3359
2860
2539
3689
1842
1722
2154
2673
5959
1842
7767
1578
6112
675
7894
6131
3178
6545
6766
5518
7606
1687
5591
4892
1068
5648
469
6888
5374
2360
2948
2599
1820
5391
6067
62
1959
2686
6837
6405
7271
6845
1974
4171
4736
244
6924
6426
994
5665
6094
5948
1665
7737
5673
765
1093
786
4976
3379
2818
6848
7092
3004
4010
831
4437
903
6785
7505
6167
6806
1362
4071
5817
4162
4705
389
4098
3135
5792
418
5724
2017
2854
1933
2853
4127
4764
1878
1412
3799
6266
3180
7673
6355
7986
7811
7480
2443
5354
2041
2744
4267
2480
3128
519
6997
1257
1886
1120
5034
3275
2651
7231
4422
2508
5083
1204
4489
667
7974
3895
5981
6413
1156
251
3700
1562
164
1286
6610
3913
2046
7039
2956
2473
6200
1097
591
6082
6790
1871
675
3211
7254
5216
2481
5021
2347
3902
6979
1448
5320
4337
3916
4709
7695
5025
5864
1227
7530
6500
1189
390
2090
1237
7425
2021
1902
7590
3317
83
1351
4407
7155
1736
3545
3303
2285
3392
4
298
4502
3053
2436
2139
6060
2281
2070
3604
4214
5230
6749
1724
5962
2697
4163
5089
6931
3404
1123
3527
4177
5380
7399
4351
6881
1514
4653
6907
4543
3677
688
4384
1737
4560
3812
6493
262
704
673
1468
4966
6954
3396
886
4875
3194
5075
2828
7113
1734
2719
6995
6634
4540
3887
2575
5110
1113
2138
6468
7665
1309
6453
6793
2212
5883
2670
4382
4833
5076
1016
7039
2113
7078
1321
2938
2800
4225
7520
1021
620
7419
3818
5107
1545
6117
6887
5521
569
5630
2600
7147
6218
4774
4636
333
6768
6229
44
6279
709
1868
5731
3848
2190
1420
1106
7854
768
583
4851
413
2178
2772
5516
1231
3765
3110
4822
6571
370
6527
7839
2968
1234
3169
6765
1683
2484
7942
5860
7679
826
6608
6569
1597
1045
323
6536
6333
6275
3506
467
1620
7061
1399
5644
526
6006
4967
1541
7749
5865
3333
2694
1138
5906
5878
3951
4932
824
4661
5855
7407
5513
200
7636
2631
1375
2035
5203
397
6209
2219
4426
969
621
973
1076
7640
212
6352
2173
2952
1255
5945
6438
4194
5585
5966
428
4807
261
7628
5732
2239
3257
7836
3690
1165
114
2564
3130
1863
1923
2395
7902
1124
2448
3071
7114
6551
4952
4682
4036
4251
51
321
6151
7695
855
4943
6314
6213
3809
6450
701
278
5779
4085
7540
3128
281
1054
5383
4498
6928
2152
6424
6158
520
7795
5335
3184
6793
3515
34
1127
2005
4487
7345
6690
2925
7075
1778
5157
5335
5263
6704
348
4189
7033
185
4015
2201
4713
4992
4630
432
1596
640
6319
1053
83
6050
7566
2928
1932
3425
6932
7254
369
6572
6787
5466
304
716
7824
2476
2572
4422
5370
2529
3985
6211
3803
3516
7117
7726
1149
5804
1277
5086
494
1109
774
1077
5207
4243
5925
2120
4425
2941
7657
3583
5081
7078
5024
1535
5806
6186
6479
4807
216
3303
5158
5784
803
6409
1138
857
7661
4107
2965
5881
2676
1530
3699
3734
6643
3324
239
4382
1007
6290
1174
5172
461
2522
5145
2069
7334
7960
385
5243
4317
3637
286
2497
3505
840
6017
1161
6798
4565
2411
3035
6569
1235
7364
5774
7435
4915
528
6060
6253
5533
3808
5329
1606
253
5957
5268
4513
4606
2058
2153
6898
661
2019
4294
5802
386
288
5381
521
6867
1510
1674
5748
3689
32
6757
3399
2686
2738
2426
5612
4519
46
4319
1453
4887
1035
2437
7622
6245
6099
5467
3135
1359
987
7471
696
4862
5624
534
4742
5324
6448
4047
2429
899
5871
1443
1678
4007
955
335
1172
2871
5674
6373
1193
4273
6867
4464
4350
4308
7938
4311
1067
3945
4272
4676
899
5700
2994
69
6700
2248
6320
7218
237
6953
345
6864
905
4406
6485
2997
5964
4758
379
5229
4579
4114
2693
6429
6256
2003
3073
1318
6686
2797
5705
3212
1458
4573
7732
1240
1891
2575
206
442
3436
6948
7750
4019
7199
5873
1383
4274
124
3659
2377
125
6850
578
6665
5459
2309
619
5366
5392
4545
5987
5261
6736
366
2768
2472
6039
2069
938
2866
561
1697
826
6750
3413
6777
5794
6617
2383
5197
6366
7485
1503
5039
4297
6919
6108
6885
5987
5515
4636
3452
977
6438
24
3487
5349
4213
2892
5543
4896
580
4765
2101
1845
7305
5054
574
6480
5907
7892
4903
215
5885
2840
5202
5296
1575
6974
2231
4483
2278
1428
6774
6465
3643
4204
2859
5925
6018
4797
2116
4474
1772
135
3599
2269
6511
4150
7319
1476
7420
5257
6065
3391
3058
2355
6418
5758
4433
6850
5540
3796
4017
2110
600
3770
2804
5524
6397
3415
4089
2419
146
318
1618
2871
6552
441
7993
3717
6764
2949
3006
7286
1684
3549
6084
2231
24
6332
6509
7343
1107
2461
4691
3299
4809
5445
7993
4887
6651
2819
385
2230
5945
7542
4511
1524
5496
785
1741
1202
3684
4763
3264
7906
1399
3962
6876
2155
3147
4592
36
7951
7404
486
6324
6347
1074
3433
2802
5247
7118
4914
2
5134
7458
5418
5753
5000
1302
2733
4117
326
3112
5710
4011
6934
1027
5212
6944
6553
2708
2276
3228
4520
3545
5495
4540
7806
4090
3374
1735
978
2397
7786
868
3075
5045
2913
4170
5625
7322
4566
5239
1546
4639
2279
7973
7002
3488
2893
634
1351
346
7584
1214
7556
512
5657
3027
4035
4043
7068
6048
6809
4497
6838
975
732
3161
6691
6264
6544
3246
7571
6365
2051
114
3885
4631
2934
5109
6677
5584
1213
262
106
5107
6377
4233
1683
7073
1827
1674
7548
678
1819
3601
1243
683
6755
5751
2808
3756
21
2935
3884
1581
5308
4872
105
7913
7602
4394
7546
4108
2309
6912
5132
4002
4959
4509
7598
334
7015
5985
7701
4543
2978
5766
5027
416
2526
3318
6249
5583
976
4128
5418
1809
1212
4810
1441
964
533
489
1030
7508
4774
3311
5646
2674
2864
548
1201
4994
5396
3768
2415
5012
7604
919
4757
1430
470
319
7228
4360
3145
6734
6164
2800
2698
3616
95
142
5608
407
3200
6226
6247
3963
3254
7117
5538
965
7908
5606
2741
4534
5203
5902
2138
7469
6009
6581
210
6073
6588
4222
7687
4076
3890
1137
4207
4465
1963
4721
3827
5343
4977
301
1873
1165
7566
538
319
5481
143
3552
4625
6660
4040
5779
2908
1392
5976
3558
7644
4621
3630
219
1811
4576
2444
3006
2611
4325
331
3027
6078
359
288
5069
6764
2701
7581
128
589
759
2875
1049
3823
4937
7830
2125
5826
839
6393
4111
7866
4259
1052
4614
4917
3602
1451
7422
2590
421
2185
3998
2065
5463
4373
5466
2304
2915
5996
5993
4693
6104
7919
1914
5080
7790
4870
3170
4692
2139
4005
7130
1013
610
781
423
6453
4396
7382
6233
4023
7001
3437
4856
4915
7768
6553
4028
5844
5941
898
4988
5022
691
2867
2025
4180
4827
6687
1596
5657
723
2402
2029
6421
4018
138
1574
2522
2835
5718
7351
5064
105
5693
2507
7342
4562
7922
4123
241
5870
4839
7649
626
7409
5392
7632
875
4983
4201
5762
4762
2200
1722
5362
2466
3389
2138
7211
3118
5745
4786
5824
7063
4795
5955
2302
7176
236
6891
415
4320
116
4067
3264
1367
5946
3405
7509
421
683
2797
2780
2399
4817
180
975
1956
4648
5957
3230
5047
2286
7922
3996
2413
7162
454
3577
138
2894
7945
240
3943
3887
4223
4033
534
5237
1970
2338
4041
2910
2481
4210
4080
231
6233
7854
738
5982
467
7207
3006
1330
1310
5812
2706
12
4047
6116
1532
4514
3350
7926
4942
6345
642
909
2999
3786
7624
94
3232
6137
3264
6060
5205
3202
3952
2742
7397
6597
4237
4398
4811
2852
6911
7278
1806
5017
6821
2919
1317
4941
6681
6938
351
743
821
522
3522
3810
1749
1585
2226
7395
543
7090
3989
969
5185
6287
2485
6725
7226
348
166
236
3996
7539
6312
1802
2256
4202
270
6202
4058
5570
7776
3060
2718
3489
1983
7397
2276
1986
1223
3205
1880
4204
5306
3109
3861
6432
4826
7623
5091
7511
5590
3507
1149
5036
3561
3783
4760
5397
6592
3727
4450
5719
6491
7829
1223
2874
1077
507
7674
4539
7463
7878
5298
5058
3146
4605
4915
1491
5212
4339
7182
6024
5028
1633
3499
7807
2393
2167
3206
1616
65
52
3064
7810
6806
1845
2616
1726
3693
4042
5729
5315
5850
3983
4982
3292
4622
1850
3363
5839
7170
176
3013
4312
2009
5917
6253
7958
7616
5187
6625
5955
5593
1426
2724
169
7770
4154
3640
2003
7535
6781
6304
1218
5863
648
810
7458
4429
643
1069
3453
5269
7463
3024
1709
5179
6608
7627
7191
5542
4563
4210
726
5970
4433
495
2422
4398
5132
5198
419
7427
6138
6272
7521
4183
7256
5592
4861
3153
5889
1370
2371
5277
7551
117
6769
4306
1825
5454
1580
3987
1805
7615
690
2803
600
1824
3792
5980
1876
5125
2133
4081
2473
1351
6790
2226
680
3528
5715
6496
2971
7217
4234
1698
6817
5054
5259
2280
7097
7805
2492
270
220
658
5821
5123
6096
6399
3102
1770
1274
482
5520
3328
3252
7039
7962
7680
1119
2816
6989
1283
6074
1338
3514
3308
3892
5362
7394
7107
7359
4832
6126
2144
3366
4851
1313
2315
4192
3989
5706
2529
3237
5423
2174
6586
1344
3376
4037
200
4262
6282
6868
2690
1862
4542
4283
6850
737
7194
2144
7148
3420
1536
3052
401
7828
5864
4804
3347
6641
4904
5627
7753
702
2100
7366
5925
6264
1249
5616
4180
6820
5678
3215
7781
870
1412
2678
7342
6032
5629
620
4651
6264
5156
669
105
3213
1531
3152
610
5995
1539
2649
6442
4396
823
7120
5769
6465
90
129
2282
66
7986
3109
1204
4739
6613
5201
2998
6248
2211
2222
6984
4282
5012
4905
7983
4154
5684
1195
5314
53
5291
7692
331
7768
1602
3140
6896
4742
2339
7074
5139
6760
6048
384
7030
3588
6583
886
7075
4114
3413
4494
331
202
3736
2360
5805
2306
2777
3455
2553
183
3178
6972
4662
361
7068
7882
7201
6829
1285
1081
4887
2685
703
3015
3380
1106
1844
6667
4029
5685
2329
6964
3067
1234
1273
2162
4841
6350
6196
7667
6544
5466
1223
5073
5873
904
3854
7946
3235
1566
3527
3312
6397
5418
4184
6497
7798
5460
5460
6778
7819
6202
58
3912
3617
4919
1342
7039
3564
1989
3788
4783
4623
6086
2763
7411
5445
1757
5214
684
2367
6274
3441
6062
4047
790
1650
5240
1412
5619
3037
3050
6679
5768
317
2994
6597
2980
4976
5320
6718
7952
2794
2971
4478
866
1212
3467
826
463
6870
1432
1853
2305
1483
1690
3411
425
7189
5171
3238
3799
3033
5379
7271
3208
5292
922
1903
4543
3285
2163
7782
3991
149
2847
2917
343
996
1087
2967
5127
1470
1206
4837
1026
1118
6622
1874
205
1354
2362
3875
551
143
2028
68
7137
6094
553
4391
2608
7927
2025
5742
2113
7253
7779
2635
4620
6155
184
3558
108
1053
7471
2046
3374
5425
7649
20
5032
87
4405
581
5836
4680
5327
3510
3196
5995
5957
6196
7584
1566
5267
2780
887
5362
2511
2681
2282
6967
735
7021
4327
1659
5673
6098
3692
5261
395
3168
5602
1031
1804
2962
7789
5963
4435
4
513
6732
7959
6112
7287
16
2775
889
7136
7733
843
7223
3481
1330
6618
7285
4959
1184
6477
1959
37
4025
5316
6912
100
6751
3816
979
1651
7392
6880
1464
4311
4664
4296
1585
6172
3799
3807
4493
3173
6245
6719
781
6080
6148
3475
2246
4669
3989
4996
4486
3265
3197
2932
2810
6038
745
3375
7247
1605
911
4254
1304
999
2615
3454
112
2104
5051
1681
288
6637
11
2836
5763
7047
3635
4848
4839
681
4129
4788
119
4711
33
131
3927
7647
2668
3402
5968
5708
7777
4213
6445
5848
1874
5603
7077
818
7682
87
2937
3425
7533
3568
928
5528
6857
6043
7202
7242
7052
4167
5954
2815
5102
4633
4063
7720
7408
7266
1692
5423
6557
782
3775
851
5584
5662
2519
2227
5686
2776
2914
3688
5013
1276
2925
1304
7118
6267
6973
7624
671
356
3438
6194
3051
223
3290
536
5246
3549
6396
87
3596
4815
918
255
889
4694
2063
7650
5598
6331
7585
2603
4811
5537
7986
3570
2568
4791
7297
1357
289
1330
2372
7336
7073
5051
4112
7704
6621
5285
2872
7980
4084
3233
3001
5637
790
7285
2454
1512
1731
170
127
5906
1749
837
2999
6156
3137
953
6518
4990
4442
7515
1676
904
2134
3798
72
