4367
5746
3604
4028
2887
5899
4229
6843
2268
6176
1549
4683
4912
2776
1737
2474
92
3319
764
4059
5861
3459
7719
7344
620
5094
1498
4229
7268
2580
3657
2701
1481
813
6114
1297
7503
1125
3230
693
5465
5026
6231
5565
5292
6502
5017
81
1699
4589
7163
2173
7780
6169
1008
4732
3538
5004
3865
5302
6405
4821
2269
1991
7479
144
4028
6850
1152
519
5792
7670
1540
3549
6517
7599
4459
5293
827
1536
1297
7278
3290
2240
2751
2394
373
339
922
1999
1857
6571
7451
2165
6936
6414
7551
4193
3401
409
4864
1017
6067
7365
835
2905
4818
681
3539
118
2456
3008
2574
7745
5632
7597
1566
6863
3359
4028
299
1526
699
6699
2447
7290
5345
489
651
2153
3314
7389
6584
3139
1918
2986
5760
1758
4564
5937
7949
6601
6295
4440
4354
4784
4629
1738
4394
191
6613
512
493
3466
4335
7742
6346
3693
2593
1120
5633
4719
5406
1366
5008
5293
7849
7982
5089
5044
4515
657
3714
2414
2914
4625
3989
3457
2050
5090
6153
5812
192
3045
1929
7508
964
1453
4083
5526
5183
3452
1419
4093
2806
2381
6513
2238
5470
2648
3664
4130
616
7057
5145
5421
6750
5361
1200
5565
7919
3002
1444
6580
7559
5429
7397
7001
6883
1279
5041
60
5796
1475
528
3673
6434
1097
3457
2623
2562
3056
7924
4658
907
3511
2233
4301
1653
67
3769
2412
2051
1756
4388
3400
4819
6776
2218
3876
3572
60
4590
2920
4215
1728
6008
5132
4233
3410
4649
2680
320
6590
373
2538
4915
397
2956
855
5647
396
5849
6805
3751
6095
2479
4600
1484
4277
6080
2492
606
5100
5777
3619
1633
7288
810
7646
7635
2609
4114
4529
573
715
5115
4883
5961
411
6201
2771
3859
854
1656
1985
2883
7387
4271
7628
473
5364
272
5480
7817
3864
5634
2483
1418
1781
7952
5591
7402
7213
5091
178
6564
1438
7853
308
5620
7783
6376
6857
7594
488
2239
2233
4798
2697
7690
4748
3811
1085
6144
3441
2526
4744
2408
7264
6809
446
2513
7615
1779
2830
3267
450
5403
3776
2357
6167
6493
4603
4801
5505
4795
2122
3476
4099
1408
3551
6186
2879
465
3033
5882
479
4613
6594
2029
6068
5687
3996
1941
3869
6809
605
4316
7595
1610
2360
7994
5314
4971
4190
5548
5762
815
197
3617
5799
882
1640
118
6062
4044
2575
36
6970
2981
3664
4408
6581
4107
4758
516
4474
6785
5537
4821
3443
1883
4366
4197
1342
5703
6489
4369
2262
1646
6624
973
4591
3644
809
598
6689
4795
5159
3688
3721
2023
3897
2674
7917
766
6836
583
286
3798
5090
4886
6179
4019
3978
3996
4115
7129
2674
6232
4291
6687
2467
1919
2465
4677
2604
3954
1504
839
4777
3821
3350
690
3398
5633
4002
2999
3646
5316
4433
7422
6889
3527
643
765
2997
6792
1929
7176
4083
2089
722
7211
1494
7969
7687
7222
5496
5426
2675
2008
734
2715
4135
6959
3965
1614
2653
3551
1149
4260
2011
6561
252
2512
7258
734
6998
2513
6120
7101
2212
6572
1547
3897
2626
3930
6183
6774
4886
3006
417
469
4878
3481
4933
4294
5096
321
1573
3805
3384
3791
387
5609
2662
4057
5106
5185
2102
224
7991
6879
3020
3530
6645
370
6255
210
7690
622
1869
2366
7604
7335
2367
3601
7800
2718
2447
514
2052
6554
2935
1582
1363
1979
5292
2826
849
780
3739
7515
4351
279
627
3561
4250
5821
3619
49
2679
2309
1701
4698
2226
1589
443
7850
2759
4511
3832
6330
2496
7230
4163
6439
6545
2114
5016
1931
6272
359
1423
3884
5512
6860
2081
7410
2944
1923
7272
7519
1592
4708
7334
570
6628
2856
585
6604
2876
4211
301
1423
7202
1136
1507
2468
5510
6243
1329
4
6279
7099
4442
121
1754
5671
4127
3342
1968
683
1541
5060
4371
6643
1113
838
273
1703
3122
607
1949
7679
1526
1131
818
4057
3487
139
7801
6857
1727
1053
7661
4656
2626
7852
4093
2320
6900
3299
4146
286
67
5640
465
2265
4613
39
7747
3035
6460
5131
4979
3502
7641
6772
5880
4576
5632
1990
5236
5466
331
6143
4796
6253
657
299
6584
3438
1768
3675
1421
324
5800
2131
7290
447
2034
387
2752
7467
3249
7353
7238
6821
7712
2580
7739
3758
1549
4156
3133
4606
5724
5712
5946
4827
6990
7520
5717
6377
7492
4381
395
260
3006
1165
7766
5388
1577
7619
3345
6720
1753
207
1502
271
3731
1074
7941
1002
5390
3605
1245
7838
5882
954
496
417
3394
5170
4250
3819
526
3472
2482
967
4493
5279
5548
4777
6065
1616
2238
1154
6011
4534
1282
274
1080
4918
1308
6653
4620
5368
7900
4514
4014
2275
6182
3240
7412
969
2448
4697
2257
990
6987
5492
4380
1071
2566
4093
7250
7312
2959
2840
607
471
60
278
5145
2759
7625
6159
13
847
322
7473
6719
4533
5859
151
3436
4237
5311
2974
6226
6958
1566
7988
563
6438
3946
1073
4117
5485
7692
5419
205
1752
4818
2756
7933
463
724
3911
4892
6273
5079
116
1525
3798
4273
1879
4403
1126
5806
864
4443
7080
5299
4782
5786
3181
5089
3245
5505
6734
6204
6242
7246
6179
4045
3972
6381
5877
324
4942
5118
5942
3170
6098
5657
5360
2518
6864
3791
1852
3174
3143
1075
4276
7313
75
4570
4394
6131
2392
4254
3803
2920
2534
6249
6686
7732
6909
4656
993
7267
5387
7869
982
3564
1332
2034
6186
6043
3881
395
3767
624
6844
5219
4218
3394
1779
3513
7239
3175
91
3829
6651
5848
158
2278
2739
5073
1880
2318
4091
3511
5095
2400
4426
7805
4289
200
5996
2184
7883
4780
3519
6866
1255
6898
1954
908
7373
4226
4779
6599
6173
6925
3224
4884
6387
5710
4937
7530
3452
3087
7596
137
3017
6511
1528
2333
930
932
4958
6629
2461
2364
6588
3348
1455
1832
5588
6648
1281
7930
3838
7513
263
2862
5913
2276
5133
7463
7175
73
2450
1916
6682
5345
7514
1011
7753
6164
3007
1164
2920
954
4616
7106
4823
1792
7548
5901
6137
5453
569
2859
7143
1766
2240
4192
4326
6159
7251
3004
4951
2100
7490
5148
5742
6919
4354
6323
2789
1513
63
3531
3250
3086
755
5510
5366
1116
3896
682
2295
6357
7706
6556
7952
5942
1009
2860
5287
5023
5166
3410
3360
1587
4211
55
80
6530
3944
5880
2229
6566
4363
6054
228
4842
391
4625
2498
6514
1417
3910
5047
3670
1039
1878
2656
2897
3265
4505
7300
7706
3781
4467
330
4944
2510
3606
5289
4507
2100
6728
6495
7313
266
5223
5350
854
7980
810
6564
2376
1751
7785
7522
666
1085
1760
2175
2686
7961
2928
3622
4937
6337
3110
1085
81
6842
6464
2335
3226
3279
1389
7309
178
2085
1685
864
410
4617
5273
3202
5670
1867
7900
5598
1895
5007
6146
5333
5639
7073
7159
3187
1331
2249
6516
6753
5184
4383
1917
7708
4487
5345
6767
7525
4627
2691
1784
7931
2686
3270
7463
5190
1494
6220
5542
2837
4101
2603
5828
1482
50
2368
4088
916
4322
6342
4707
990
1635
871
7254
6342
5674
6033
2772
1297
2555
3981
25
925
2441
3852
2907
1367
1055
5059
6927
5549
6846
314
1839
6343
5256
3103
3835
178
3996
543
6718
1052
323
3064
1618
391
1291
5256
6630
1144
7665
874
5375
5743
6788
5379
1213
6940
456
4888
7200
2192
7577
6755
4362
4466
3024
4325
5446
5555
2794
3261
3658
3332
2407
2746
4153
6918
7729
3566
108
3650
5630
4547
6194
4890
6263
1043
6998
3647
2074
6002
7200
2277
93
7182
286
4468
6164
3643
4131
6081
276
6472
721
1212
5017
7190
4628
7275
4965
2154
3823
6998
1322
3968
4539
2692
1450
7906
7724
359
7325
954
3159
3924
851
3493
881
2102
6682
4616
26
770
1122
4327
6106
749
1247
2995
7274
4957
3631
4388
630
670
189
5128
7393
87
357
5211
1866
6780
3289
7319
6541
1541
5891
6989
5197
6878
2859
6901
6961
5088
7132
387
2861
7296
7234
7483
5251
6982
2711
5509
5769
2049
575
5508
3436
2298
6575
5604
2741
7142
85
5234
203
5215
7604
4849
7290
981
5711
106
3698
2945
457
6851
1043
3035
3082
531
3111
3277
5541
1397
4720
3815
1399
5915
741
6228
4818
4069
4983
6349
4571
5555
3928
2252
5808
2423
1598
4356
6990
1934
5157
4239
370
5328
1555
3752
5631
3045
4639
1754
5344
6875
4276
6712
5550
6646
5075
1999
2452
72
5463
7065
5105
5697
3197
4404
2365
6471
2339
82
4720
4041
7952
3313
31
2065
1077
2830
5225
4185
1778
2773
6929
3104
1308
6621
2348
1021
4670
3410
1662
7410
670
7858
1248
2564
4417
637
5796
6858
2737
3302
7356
1413
5629
3727
4952
3951
2370
180
5711
2135
6633
679
6528
6187
6001
7484
6457
919
6382
3781
2520
2061
7634
5057
7599
5157
2924
6672
6509
4392
4398
5994
6395
6055
5427
1489
997
4050
3969
388
6138
4102
5003
5494
2421
869
7546
5310
2205
172
300
3344
2985
641
7165
7660
1960
2892
6982
3605
5728
520
2404
2501
6070
3930
1979
3359
4685
2529
2490
5029
4594
3086
3616
5995
1080
4534
1215
6475
4191
4709
3903
4315
3835
5942
2151
6428
401
6816
5784
1588
3333
4563
218
1695
7346
2628
3612
6241
4890
2501
6325
4351
2367
344
6896
5870
3024
3205
4360
1420
7752
3946
7600
1358
4500
3859
22
3258
7732
1930
1449
918
3555
3248
4313
352
7930
6157
350
2559
1298
6949
5947
3130
7785
5388
6660
2792
7431
1850
6110
6951
5728
5090
262
7121
1533
6464
6292
108
2263
7026
1025
3873
7747
1480
2472
2544
2261
7390
3145
417
2558
4266
5139
510
375
7057
1187
4415
2595
3007
904
7174
2927
6070
6921
1932
3070
1702
6249
7772
5507
1918
1257
5951
6381
4035
3791
5175
7050
5919
3110
1904
3365
251
2694
2931
5938
912
1685
2077
5165
6457
3726
3791
2429
1677
769
104
670
4461
5723
5872
6015
7449
3048
3094
2281
1096
5142
6749
2978
2359
4284
786
4305
7809
5019
4737
5474
304
6755
4328
4140
787
2873
108
3282
7888
1463
395
3943
5500
628
402
3541
6249
4998
1232
3391
7487
2246
6602
229
7119
403
816
2312
3555
5530
6032
3023
4378
6228
4938
3946
2291
719
7492
2805
4007
818
3551
5919
4220
956
5417
4875
5207
2636
5204
310
6673
3366
4902
5723
7630
6132
6963
979
3210
3723
2056
6593
3765
1328
6890
2285
3905
1883
6911
751
2361
3578
1226
3215
1428
2169
3805
4010
3466
2881
7369
2456
294
4542
3418
6347
349
1062
7105
7482
7902
3639
4114
5695
6890
6976
4847
5822
6438
3362
4932
5448
6766
4184
4598
6335
6573
885
3285
1210
1963
4653
7769
1899
6629
663
4748
4799
5987
945
1412
2885
4934
6629
1876
1811
7969
2250
4995
37
4873
5166
189
2888
6832
2003
7753
6134
7278
3191
5947
707
3425
729
6891
2296
3831
5624
3558
5437
6281
4766
4962
3836
3947
2589
7544
2691
705
5465
4429
6762
2836
3846
7377
2102
1956
563
7533
5822
6272
6792
4406
4236
2837
7116
7975
4422
4996
7401
4110
4430
1527
6132
1285
870
2292
1960
4452
4824
4594
4786
2229
6485
4588
2803
4328
92
7029
321
7689
29
1227
5167
3182
3039
2670
4750
5941
479
7091
7283
4270
1146
6740
4347
1428
6412
5962
6029
2
666
158
3615
5155
45
7803
1212
939
128
6729
196
7492
1436
6454
4340
5323
322
1493
1191
4925
7945
6956
3101
1964
456
264
4412
6583
5238
3284
3092
2424
4944
938
2279
7487
1403
2793
3561
704
1451
3528
2500
5128
5379
2602
415
1014
4030
3826
4000
1511
3725
5144
5231
5490
4738
7165
7485
4694
1708
3067
4294
6320
4356
5505
4499
881
5639
5278
2114
5648
37
7387
7241
764
5082
7566
1273
3733
5147
1516
128
3035
1075
543
6130
5671
4334
7064
3657
153
6838
5223
7786
4817
7868
4681
4457
6050
3417
7617
4752
5699
5366
6826
4124
3784
4585
5579
6409
3793
5856
2668
6223
514
2371
2984
2797
5234
3093
3844
5477
6568
4763
3071
1800
2947
3649
7082
1267
1080
825
4346
5594
6850
421
5084
3012
7252
5815
5512
23
2643
5847
6873
3094
1410
7877
5404
4776
5437
3135
3175
4891
6763
7205
6572
3880
5038
2907
6349
6201
348
6767
4338
6376
7923
4155
729
2698
6984
589
3182
7468
1025
1542
1820
476
7940
4672
4450
2924
2671
1011
2985
7538
7242
538
3093
4115
250
4049
4378
4226
375
4034
4177
3075
575
1792
587
6901
6476
307
2277
1103
516
3638
5148
6570
5233
1725
3107
1407
624
315
2227
7987
1261
7491
5411
5136
3343
3757
5624
1238
431
5307
318
7282
1295
5756
3735
1037
3209
6257
7124
5832
5061
1263
5058
966
5167
7428
6534
940
5352
1373
1645
4964
5756
6375
2941
7656
5909
3445
6032
61
7470
2850
6626
1597
4170
2743
3048
6682
3109
79
227
5408
1899
120
6006
954
4072
6685
4532
6776
6207
482
2238
4431
416
6928
972
162
372
498
1801
7679
7194
2815
4836
6701
4887
184
420
3877
4553
2068
3195
2590
4637
6811
7007
5518
7490
1360
4309
7021
2910
210
5262
6972
3071
5700
6967
1990
4756
6572
1228
5541
989
7705
2861
7817
5664
3017
6771
7285
7902
3337
580
6218
2949
3742
6565
1800
4647
4132
6480
786
4011
6325
7303
2865
3074
6668
6567
2716
5149
6059
2560
3255
7454
1145
1252
2713
5388
4144
510
6802
5962
886
1573
5677
4874
2826
4209
5106
3518
1570
3534
1263
2127
403
2895
4088
5458
7856
6980
7533
6008
3318
7374
7355
6404
4648
1970
4774
7939
2742
4141
3717
759
5603
7239
3662
980
1639
1259
5203
3759
1362
6134
1421
1011
5683
6670
2777
1237
6712
4661
1408
2315
1750
7198
6075
2873
3308
6847
4086
5100
1187
6119
5781
3531
7960
4818
949
1739
7101
7291
4788
7009
6780
49
1843
2941
5214
7981
4762
5877
5036
867
6621
1727
7956
5655
574
1572
4109
3122
7892
5489
894
4693
138
1968
3548
6189
554
919
3027
1671
2716
7358
3752
6758
5353
5335
2012
6739
4805
3289
979
1333
1229
1661
2038
6625
2637
2733
3157
4211
901
249
6481
670
5165
973
1849
7104
5110
1120
5043
3258
2771
109
7326
6078
4088
4135
3829
2346
1825
4137
5814
2900
2903
1132
836
5478
1583
4732
906
172
7443
429
4834
2347
1861
6665
1461
6260
5024
7310
739
2234
7201
5782
3365
4769
5799
6423
7153
3991
439
1228
4701
3815
323
2291
3464
139
3052
697
3702
3394
389
371
3578
3043
922
2382
5337
2993
3249
7753
7212
4271
5647
5345
1158
1462
3710
3341
6743
5892
2958
6892
3152
3735
2714
5820
5000
4795
5452
972
6239
7520
3619
4788
7073
5103
3508
3907
4781
3742
1583
1081
5526
67
1444
4983
6345
4965
6662
2867
560
4057
6318
1904
3799
2188
1379
6766
4493
2652
1048
7582
334
4524
1398
920
414
5431
6172
3472
5752
1892
4836
1990
6248
5339
2857
3326
4150
7960
3270
112
836
1213
7456
7488
5625
877
1702
7472
799
3478
5335
533
6154
3022
3461
3912
6971
7650
1625
4061
1796
7467
7896
2777
1452
4834
7844
1759
2452
3764
3462
3180
1307
4185
6698
6084
5504
2146
4075
6188
2438
6994
6738
282
1757
7343
3161
4970
4542
1945
7348
338
343
7130
2962
4568
3944
1085
991
579
5485
3876
5710
847
6909
1749
535
4580
4658
981
6203
7689
1738
248
5071
5270
2317
2615
4856
2599
3504
2755
1140
4184
4410
4953
1242
1325
7269
4119
7650
2832
6599
4430
6567
4417
5617
1240
684
4617
2200
1771
3869
2351
2994
2543
5848
5615
4131
3981
4524
6440
7897
1545
801
4693
437
4881
5560
3838
1707
3286
6259
3248
4267
2970
6360
4330
4609
3786
6259
6745
2361
2319
4634
6918
6472
2976
5045
655
7079
6618
381
1428
4033
7570
4291
7410
1679
5802
6516
1269
7810
1890
7260
5769
2081
4145
2730
7090
563
2005
5299
6269
4191
1063
6137
4663
2706
6130
1260
476
929
2949
4721
402
495
6343
7267
3863
4050
4939
7255
6073
2097
7332
485
325
7216
315
7396
2497
4432
5534
7540
5406
6160
4315
2562
5992
3737
3150
7559
5312
5336
7735
3922
5196
1069
7631
776
1261
6276
3997
233
305
5057
1732
4692
522
2274
7711
3854
255
6367
1808
3647
1890
2325
4564
637
4610
36
667
1933
2145
3542
5143
3367
5545
7041
532
6330
1562
6510
2247
7984
6855
4986
233
5107
5954
5437
1670
5680
597
2026
3280
5211
371
630
3706
4403
5357
6653
7874
7303
3945
673
4750
6521
17
1204
4091
2370
6408
6488
2674
822
2210
612
5308
6345
660
7242
2007
5459
7657
1335
7433
4752
247
6139
3508
7211
3602
1066
683
2748
5823
6210
1540
6159
1707
3086
1454
2727
2653
5065
6597
1602
3690
4935
2148
2719
1128
4113
2875
2622
7333
2192
4001
6951
7832
3500
7147
6957
6615
6260
7869
5812
6411
2753
7904
369
3617
4950
6485
4465
2371
6987
3049
29
4679
3691
1738
1468
3366
5594
601
1145
3887
6459
7744
7719
188
16
3206
7618
2662
1955
6625
6200
4789
3557
2571
5479
6810
4566
3607
41
2081
4580
4934
4814
929
4119
85
7528
1526
2348
154
1549
3185
7040
3215
5592
3597
6576
5678
177
1445
6911
3006
5774
7717
7928
7980
6970
4415
3668
7965
2838
287
4061
1027
6749
4256
660
1454
5228
7744
6161
7142
2433
3921
809
7990
5570
2482
7956
3658
7234
2430
1551
1021
4865
707
5824
6444
561
7926
2265
6799
1472
3940
766
7049
1938
4076
2794
3901
590
3372
7631
5348
6173
4857
5372
7132
814
2323
2052
5187
5630
216
6109
773
726
951
326
5682
2517
4136
4333
2068
3183
5210
3151
5823
7030
5869
7969
7273
6872
2978
5551
2428
5226
6352
3075
5034
5412
6744
7112
1409
2284
3930
4783
319
2007
2857
7634
6823
4717
6973
3351
5524
4908
3944
7256
7118
3216
716
3136
2907
5650
5578
1528
7447
3822
2366
7300
4807
7914
5353
7271
3179
2196
2606
2510
274
587
3586
300
2098
2049
6430
7073
5944
510
3510
7776
3805
1768
5295
3217
7930
4035
2637
3060
6109
3508
2154
2632
4892
266
4206
6251
4457
6910
7803
962
1511
7738
6440
3995
3453
2713
561
913
360
4782
6189
3760
7701
967
4352
6170
7727
3763
4369
6761
1526
3905
2110
1622
2449
4107
3343
5658
7845
4979
1449
851
230
429
1476
2280
5165
4222
5023
2864
4363
6211
243
7376
5726
7476
229
5156
5473
4266
5439
5601
6984
1183
6689
1400
4429
6005
3252
4989
1348
1338
6304
4552
6582
7787
3967
5531
4460
631
5841
1350
1034
6213
5617
3144
2975
5431
4104
6839
5369
1137
7424
6434
2110
3285
3643
7988
3576
4689
4870
7323
7921
2396
5960
6250
512
636
5631
7548
6434
76
4334
7835
7244
1596
5775
5472
5184
1049
3983
6619
3871
4431
186
3700
702
1004
1397
3219
1659
6118
3115
4862
82
6944
841
4097
5291
3497
6638
6483
2358
6469
2653
4214
890
4401
7094
1119
3498
161
4708
5399
7226
4364
3735
5729
3504
4138
6133
4893
7166
2109
1356
2924
2063
7246
972
1749
1376
4281
371
4072
7377
5035
5320
4961
124
6059
1932
7502
4933
535
4718
820
5938
3313
830
2736
830
5338
2404
4314
680
476
4178
5486
5969
3950
439
6062
4550
6132
6197
706
6043
2310
918
2210
889
3698
6330
4085
3448
2628
2516
4027
305
2116
6679
5288
2701
1793
7594
4753
2274
4429
611
3340
4544
713
2931
7699
390
6051
3934
1898
7547
1372
4399
2370
7386
143
7081
1756
7340
6831
6976
6129
7644
6544
5705
2770
3016
2473
7920
7756
276
6872
6441
398
1475
7270
5737
7758
5192
269
6613
744
7257
3383
4475
1352
2374
841
6656
6987
4617
5920
3033
3745
4766
1754
6782
1526
4308
7193
6428
2833
805
4099
2826
7228
6787
4365
5439
5605
5811
6714
2946
3460
7646
5278
3297
7806
7333
3240
742
137
7158
4447
455
6994
3037
4140
3997
1948
3292
2777
536
1769
4541
6872
752
5981
679
4359
991
6113
5360
5938
397
6918
6130
1306
12
2346
7073
7413
3781
7456
2715
3509
1842
6731
7617
1485
654
2315
4550
6898
2186
2780
2117
7646
7810
7930
5528
6619
175
1354
742
958
6110
3573
7228
7794
4897
3862
1120
3894
4356
470
5985
2281
4930
5781
5619
2502
2041
6796
6074
1771
3228
4657
3493
2270
3112
6235
2045
593
3609
7207
5118
7717
5213
7002
3173
3310
5065
3976
7562
3382
1803
436
6768
4484
5215
6008
3483
6366
4358
6376
7265
5388
2037
626
2116
1055
6986
5640
7423
5042
4739
1218
671
7088
50
3901
7764
6806
4460
7049
5512
6266
3906
7426
5807
2381
1330
4476
672
7645
5790
7460
163
1821
7356
5413
1995
937
6672
1545
4422
1733
5847
7969
3378
101
7877
2854
6514
7475
7858
6176
6338
332
4433
327
3719
1548
737
3753
4138
6603
5735
3275
1447
3687
3995
6483
6625
6852
162
1701
3513
4050
3580
1549
4702
3023
1471
797
807
1356
4868
727
6431
5363
4832
7757
1760
4873
3733
3910
163
433
4042
2468
5206
6450
3129
6340
5295
2361
1896
1446
6272
4386
1114
7246
7436
1971
2054
6249
666
5801
2696
500
3207
3768
7767
3610
3360
3789
1911
988
5745
790
2543
502
6935
7044
7998
1152
4317
2255
2762
3538
7685
443
5529
619
4324
6299
5763
3156
3059
403
616
7872
4644
6881
1118
7671
3826
3039
7533
5299
7676
5186
3519
7498
2003
2023
5906
3662
3026
7183
4400
6322
4141
4776
6433
1966
205
5518
4255
3044
2524
4369
266
2883
667
505
7517
5612
636
3911
5857
7891
2541
2366
2464
4392
3954
482
3293
4279
1782
2560
130
4493
2211
942
3802
3549
7408
3604
5632
6562
6074
683
3352
4613
1303
5829
6972
2688
7143
5774
2041
3012
2411
2001
2556
3544
2203
829
5895
452
1202
7658
7721
173
6797
1815
5676
5441
5748
6390
1680
3477
3832
3178
3640
4109
62
2511
7012
2813
5338
3771
543
717
5919
1923
954
4898
5110
5249
5048
3130
2926
213
6155
5528
979
810
6463
610
3906
4475
2934
4679
3323
3157
6036
6692
6712
6366
7611
6249
4158
7126
186
6264
3185
6429
5569
6285
3372
5237
1689
1700
3921
2122
1169
7383
2014
6959
636
7368
7745
6315
4377
2174
4718
308
7507
4115
1582
6906
2731
1613
4410
4071
7858
6411
3656
5670
5691
1123
6629
6370
5584
585
6340
2512
6180
6450
3030
6767
7497
4922
1690
3598
675
323
1591
6096
5085
4704
6024
5036
474
6641
6775
6455
6511
655
6733
7334
2895
5482
392
1998
1030
944
431
1135
3050
5489
6562
1585
7183
5057
3957
7405
4475
2142
5694
3759
6938
3219
109
891
6002
4956
6876
5901
7000
1995
6375
3429
5669
7787
4350
7555
1764
674
696
2672
7629
7452
7019
6077
6199
5989
249
2511
6409
5463
3116
156
2994
7158
7238
5231
5849
7768
978
6578
2711
4169
6335
2732
485
813
6830
3017
2512
3175
5130
3034
3444
2106
984
7452
3111
4206
2831
2621
5557
6006
6889
4380
3853
7823
3066
4817
4537
1707
449
1965
3859
5647
1853
1410
7031
7226
3265
4902
1140
7815
7051
757
1543
1876
1682
5461
4553
1700
7454
3134
7911
4610
6684
1145
2643
5416
5042
3495
1337
7454
4368
7622
565
1638
6728
7792
4675
6040
1567
2276
4342
3466
6500
73
3117
6770
512
5168
4292
2895
3663
3610
7751
7236
814
1402
2092
1479
5333
6652
3201
4345
2920
2117
3939
1622
2248
4669
7537
5392
7983
7819
3648
503
6844
3679
4112
6684
3211
950
3391
4790
5257
537
6269
965
4999
7719
5760
7220
204
3989
761
836
4464
2867
4998
3047
2726
3761
4649
3306
6170
4449
5881
5271
2172
894
919
3098
2459
7726
3748
6818
5365
3332
6641
1994
4365
905
3575
121
7871
1980
4937
1735
465
7063
2054
865
1034
4948
3795
2158
5959
4400
6537
6386
5899
4271
7914
4915
343
5728
2394
5915
2298
3874
3724
6110
7147
2151
762
3933
1877
2488
25
1737
2098
1210
4556
1995
6299
5039
5975
676
1055
2751
6103
4432
6162
4985
6385
625
6823
3733
2889
4521
7234
4668
2356
7752
519
3658
4143
4071
3255
4306
5073
7123
3644
1122
5246
3630
3138
7305
3870
2707
1801
5591
973
5497
888
2212
3604
6298
501
595
3929
1812
5298
7448
1362
5711
4298
1400
5376
2528
3596
3152
1113
6061
790
3929
5702
7698
3495
1642
7374
2756
5486
1087
2834
4404
5798
4984
828
6199
2150
7717
2738
1699
948
576
6479
3132
6939
6971
5715
3728
1981
445
89
7839
6634
2535
330
4863
2800
1179
3601
6911
501
6719
1742
1483
5636
6334
7759
3407
1189
272
7676
6368
5360
5180
1425
1815
5538
2971
7250
3135
7281
1758
1466
2097
2909
3922
3444
5757
6280
7203
5645
1612
647
2975
3818
1028
633
1149
2550
6124
3672
7518
2399
5201
1037
2706
3138
7912
6601
2846
3363
7412
4625
2365
2082
362
3993
3620
1578
4819
4181
1930
1516
4723
5132
1960
12
5608
814
7549
4570
4436
1063
7254
6467
1086
2740
7372
5769
6390
2038
7054
112
5496
4933
2465
3834
3283
1670
2468
2710
6155
2240
4505
6741
3387
5803
2785
7645
4991
1994
583
1633
784
2235
128
4432
3185
717
4017
3149
6411
1169
6130
544
6292
4148
7186
6763
7092
5131
5851
5343
5675
1520
6999
3759
1709
4685
2643
3333
4752
246
6690
309
1960
7164
5029
1519
7857
3007
7946
7864
4717
3651
3155
3611
973
6470
1817
4891
5141
209
464
1581
2492
2574
7180
996
6609
2137
4036
5293
4901
665
3542
6844
5412
2769
6924
1478
1733
4978
6622
177
3173
5620
7288
7561
686
2660
1341
1460
6206
5376
1547
360
1221
7745
6977
91
6127
3000
4478
571
3716
1372
4204
4704
4940
611
4862
1663
182
7183
437
1568
762
2315
233
4242
5310
6198
3206
157
5111
511
6421
4216
3984
2866
5244
2364
2191
2449
1097
2585
3446
1511
2667
1799
5927
4121
897
1024
6540
6270
4248
3501
54
5616
6702
2334
4228
355
6716
5885
4103
6902
180
7749
867
328
7304
3887
313
5069
2027
45
5378
1249
7387
27
5182
3676
4703
7347
6415
6374
4301
5888
3039
5581
3792
4885
1097
3732
3176
1534
7479
5710
6770
7159
3464
5548
5098
412
3892
1620
5486
33
5234
1779
6213
1731
2329
5523
4191
5246
6918
3888
7775
321
7295
903
2838
5471
2773
113
2514
903
3727
3503
3607
7478
5636
198
5804
4907
5449
7501
7001
156
5005
5316
688
2471
3648
7783
1354
4171
1595
6531
4307
4376
284
6153
5257
36
5616
1377
5888
4544
919
256
1258
7338
4450
6973
3989
324
2624
5216
5109
2693
4954
7101
5284
7023
3771
4288
4263
6401
564
5512
2931
6381
4287
7609
1775
2124
2722
2124
1084
4689
3478
6122
3763
5436
1705
1594
685
1296
5409
5751
5193
7686
7010
2629
7401
4611
1681
2437
7998
7816
7610
295
3142
808
1007
5119
4435
1344
690
283
6349
5090
5718
4820
7546
1298
6240
804
1085
437
4915
887
1181
2310
5677
5957
136
1675
1484
6878
6488
5128
789
903
596
882
502
1476
4282
4134
3626
502
5628
6875
6301
551
2504
5589
6865
7908
7308
6812
6144
3659
314
5805
6658
7396
4744
5103
6706
2293
5436
3880
4428
2384
3110
4273
1178
880
7982
2536
2832
1988
2255
6692
2548
3851
2148
2734
4354
161
1635
6702
1678
1433
6375
6243
4395
4747
7410
535
5388
3375
626
3219
5289
7275
963
1871
7332
170
438
6188
4653
3438
5264
1637
1827
4967
534
5059
5755
6916
6344
3601
5990
6985
3692
528
7598
7138
12
5292
3297
5623
7618
1582
5938
4672
5363
242
3612
4059
6170
7260
3400
6875
4615
6023
3697
484
3495
7422
6854
245
4805
687
6672
2500
7441
3932
4180
7952
2593
4372
7483
243
7285
7778
4144
7158
7679
2244
3018
3434
5474
2590
6891
5812
3195
1840
2536
5929
6942
582
938
2011
3618
4654
4435
3570
2271
7023
4325
830
1654
3064
416
3083
2578
215
3179
5878
4206
7339
1973
5056
7191
2012
2140
1249
1588
5833
5838
5471
3331
5058
494
3102
7077
4344
3577
890
6749
2738
7721
5203
2325
4801
153
5096
7457
5365
2283
7464
5704
4049
6951
2628
2241
4029
740
7049
4538
3195
3756
6381
6431
5276
1051
3431
6104
116
7048
4868
7379
843
2024
760
1733
7765
7406
178
3499
1765
7735
5107
2326
3037
7078
5727
1318
6441
7179
2261
5718
2797
6026
3644
3320
187
2105
4702
7618
10
6153
1018
7818
2403
3625
980
6862
1822
935
6096
6519
3853
5785
255
6687
951
3835
7801
5968
6344
985
2028
3727
1030
3504
115
857
7111
656
107
3628
4513
5316
258
5193
3619
3189
5136
7929
2818
6924
2795
7950
7062
2647
2613
2027
4423
5358
5241
4742
5506
726
3446
4397
432
933
6523
3975
4968
5671
628
3677
99
5313
6916
5016
753
2580
2452
7308
2283
676
2858
1462
3497
3578
445
2818
3765
5830
2312
273
4223
1097
6941
6648
7826
5874
5308
6156
