4690
5262
2685
2233
222
1429
1449
3186
6515
4109
3675
1043
1205
2462
3305
7009
866
409
1397
6474
5884
3976
3627
5661
3754
2570
5892
4921
5532
5085
5839
6086
4398
7101
688
1252
5647
3309
6569
865
4898
2195
2200
1391
3108
3272
129
2005
79
2032
3598
7780
2111
2759
4244
1453
7060
4861
88
2161
2583
3140
722
1689
6368
1959
4976
2151
2615
3613
7838
7661
4921
7134
6981
5757
5693
4917
274
4192
7032
3415
5112
3211
862
6515
1848
3790
7434
2442
6944
2767
7520
2049
6417
2871
1393
2420
2758
7339
7326
2254
1106
5758
5313
3095
169
7717
7496
2444
5858
7403
5347
7733
7995
6629
7969
243
5022
7273
662
3993
7843
4155
5823
3260
6933
7496
233
5326
7865
2903
4174
3623
1996
6012
3841
1573
6541
526
5709
6774
7547
7836
1689
7027
928
2652
7311
3120
4430
2404
1726
4753
2793
3421
4092
3167
357
564
4687
2074
593
2450
4366
2449
6677
1807
707
4017
2872
1122
1108
5467
549
988
6690
7289
2286
6807
6194
5265
2513
2985
7115
218
4730
413
6814
6031
4554
5603
2221
7555
6167
1734
997
4404
628
4127
3917
6434
562
5192
356
3489
3686
724
4486
1070
3373
4605
272
2367
7790
1950
516
1374
1823
1891
5295
758
3467
1277
5641
7982
6738
26
284
6263
7409
1556
7913
6625
707
1640
6471
7219
5256
5739
7949
5178
1190
7544
6322
1057
2093
7533
6195
7298
863
599
7029
2428
816
6314
3884
2758
4618
1974
6331
7747
4820
6742
6941
1878
2100
3819
4355
7671
403
6024
3454
6214
5664
2031
5472
1376
2263
4029
1310
7793
7875
7265
6329
3529
5633
1042
3230
4913
584
2050
1290
447
3814
1933
5681
7272
7692
759
6497
4502
5581
3477
5347
7802
6883
1226
738
2468
7987
3637
3598
1681
6738
6761
2627
2883
1799
5086
5158
663
7570
102
272
596
46
2210
6319
6144
2132
1013
41
6775
256
6521
1474
5054
7863
1969
7487
6420
265
1087
1995
6346
5332
5015
1243
3029
7433
1204
6350
2786
2675
5194
3671
2601
5556
251
2077
389
6226
3277
482
963
4275
1180
1187
3640
1317
3084
5440
7192
2338
1474
6173
6661
6929
4564
3848
6373
6735
4221
4060
1079
2224
5910
3301
743
2625
4033
4613
7392
5712
2536
2902
6177
7727
7846
2576
1491
884
4611
5741
154
5828
1958
7308
5290
5266
4998
467
7964
5986
5794
5977
2368
1171
5746
3331
7477
5148
669
7853
6328
1558
7916
1035
2170
5243
6975
464
6325
1133
6270
5582
5311
6138
1299
2079
5152
4702
4055
4549
5025
7241
7177
1293
6501
931
1414
4281
3133
6029
565
2461
630
4586
6531
1738
2101
7839
2319
2410
2119
1558
998
811
4850
1673
7089
7136
3728
1597
1453
7588
3421
1868
924
1472
6350
7080
6842
4558
1444
4253
499
7839
3522
86
3475
219
3771
4003
1534
6247
5104
7354
481
1164
4057
7227
3752
5397
5217
2168
6898
7736
119
1780
7490
5177
2274
7659
5175
7692
1556
3347
5310
890
5251
3042
2758
4805
6388
4304
4340
4239
2840
2334
88
3192
2396
599
1312
7751
380
3862
5004
7499
4568
1736
5858
578
5961
2099
4771
4793
2485
4151
4669
4021
4321
596
3906
4946
1799
2157
1753
5226
5609
3084
3636
1336
740
4133
2626
5821
5000
287
6373
7267
7783
6736
1382
5345
5356
2760
5672
1630
6190
4050
5850
2841
261
54
5361
2440
7261
1218
3926
4479
2249
3275
155
3156
7833
6254
1844
5505
3118
6747
7588
3785
3725
3861
7477
2655
3891
4467
2668
323
5736
5739
956
5998
2391
7951
7546
4208
669
3992
5841
2008
5088
4579
6199
6100
1826
697
5791
665
3798
2707
4913
6917
3762
3038
6391
2883
325
6203
6233
7344
3595
458
7691
1340
5054
1448
3333
7826
1328
758
1011
4859
5015
3293
2927
2431
3048
974
1516
6670
2663
4559
4596
7647
2365
435
7508
7447
907
3880
4821
3820
4414
759
3823
6986
2851
4936
3578
6454
5181
3877
3621
49
405
3711
7786
607
6162
2678
6273
3624
2057
2389
4565
543
4182
7836
2740
4961
5676
6339
2570
5696
3945
1275
7952
5793
7406
5431
3585
4835
813
5483
1614
2562
195
3988
6674
1594
2313
5944
1544
1135
7654
6447
4732
4364
7271
6498
1599
6315
6929
3347
6367
2805
885
413
278
1354
134
5182
6338
675
2984
4562
2837
2421
5577
737
1166
89
4212
7452
4712
4779
7075
1444
6225
7151
2325
2060
7965
2363
6753
7136
7548
7633
1802
1126
2601
1995
2707
2595
2341
188
2325
3873
5668
852
1998
4272
3590
1604
3516
1195
1224
1635
43
7484
2620
5136
3915
4707
1014
7001
6725
7795
4361
3484
6671
4445
4786
5548
5823
7472
5778
1783
6876
2721
2082
5349
699
4296
1954
7235
1289
3244
2130
288
996
1600
3941
5367
5551
2861
1523
3791
3749
3410
7342
3552
109
7946
5527
6583
1199
5613
7281
7451
2087
5721
2422
3377
6711
4210
2250
1501
6466
679
2541
6826
2934
55
7732
4012
617
1332
7866
868
2216
4232
1939
1379
7372
5749
5121
5938
6349
1441
7467
306
5275
7569
330
3904
555
5877
2150
5275
4623
3429
7937
5769
7882
6506
146
4662
7138
704
2484
31
6775
1434
6816
5166
7122
6823
4697
6887
7041
5844
7398
1346
3939
6738
7045
4634
4543
5017
1310
3013
282
1196
6326
4677
1352
4767
5157
4959
5314
4567
1418
3657
1401
5586
2621
1161
4202
6375
6213
2972
6067
1102
587
3925
2213
7010
4175
1542
2010
5350
602
2595
4296
5767
5620
613
2647
352
4886
429
6448
1667
5538
7786
1559
3255
1682
572
3322
7229
5231
2778
7242
728
67
4977
4873
1484
3088
1037
548
5221
1346
6717
7236
7931
5027
1842
864
5237
6670
489
1557
5452
7782
6730
6968
7633
3079
7887
1067
6450
5373
7784
174
4857
245
1630
2104
4565
3824
2103
1543
2973
6079
731
6004
6098
5355
7668
1354
2788
3060
2907
4760
5752
4221
1072
3909
6377
4037
3017
5732
1485
3865
4048
5960
4089
7048
1062
730
1671
5720
4620
7400
6038
1783
4804
1216
1683
244
4595
2494
5303
3823
2570
6818
2641
6990
2597
3685
6534
6066
1460
7950
22
6762
5592
7488
1953
2854
1104
982
2601
7406
1044
5554
6617
2196
7297
1361
2182
7398
631
2915
6774
4713
7487
1434
3039
3523
4594
1089
5616
824
1366
1296
7829
5720
5641
4669
6903
3254
3171
3732
2627
4187
2263
6922
7533
3196
6618
6031
3636
6890
519
3810
5351
393
6019
5417
3176
387
5085
705
6064
253
2935
3219
3219
7690
4459
7208
7558
7519
104
3262
3870
5128
1436
2523
538
4185
7063
3297
7396
4390
45
6627
6420
3511
7644
4983
2294
4214
1134
908
6477
4907
7329
7806
1816
6762
7814
296
6227
907
2791
2490
5761
6427
5228
4555
617
4241
2815
3568
2590
4100
4655
5069
1220
4698
4498
4523
6480
7236
7471
7563
2383
4393
987
4090
1322
5087
7905
3686
2920
2657
5543
5744
4276
3582
271
6082
1377
4430
1180
2659
1963
4586
4374
3400
4224
1500
6767
302
831
2517
6630
5093
3775
3230
1772
4207
1683
4881
3974
3849
1036
7689
6258
1225
7936
2455
1933
6121
2890
5495
4276
7331
4498
6786
6890
5374
2063
2980
57
5991
2825
7185
348
1411
36
7924
7901
6468
3226
2728
763
7354
1672
3371
718
4076
6572
1744
7854
5480
621
2164
5648
5911
7259
2162
2162
532
2297
1115
7098
3135
7417
736
4634
6989
2246
7890
5174
290
519
4045
4681
2721
4387
3823
4292
4547
3328
207
3641
7526
5265
6380
1656
7976
5391
548
3192
4213
1414
5095
5432
989
404
1962
7461
7786
2413
4832
3583
2800
2979
7078
7480
5797
3365
7614
7004
2291
5893
6974
4407
6348
6142
6537
4852
3902
5045
5375
642
6471
2367
2865
2492
6378
3364
1560
2312
322
5474
7366
7167
6999
7029
1372
3343
7919
7254
4222
2462
7910
3266
5700
5232
6593
7804
7474
5067
3776
2453
2603
217
690
2731
5281
5133
5837
4720
3216
4169
3838
5292
556
1088
5758
710
5144
7192
1446
4863
3416
7698
6340
4991
713
236
5934
2196
15
7558
1558
7160
6864
4357
2975
6546
1952
4725
1775
4672
59
754
1670
1428
4218
2696
1358
6300
2368
985
6067
7463
5876
1023
692
1924
2101
3507
1531
2957
7433
5933
618
1253
5782
3469
1526
6781
5396
2362
5240
733
5442
6985
7105
6369
5848
5856
7790
4929
3389
1115
7421
4950
6267
174
2719
7002
7088
1100
1103
5424
6982
6920
6497
3364
6885
2235
7262
563
6886
421
5455
2958
6155
5591
4760
3227
2926
4624
3080
7037
2616
7014
1709
2453
7699
4775
2349
4168
4194
577
4626
7555
6831
5599
6310
6973
1765
2069
7360
252
6143
7934
285
1947
3520
6499
2738
7882
613
5407
3265
2070
5592
6081
1387
1259
5734
1266
4613
7447
307
536
5869
6544
2668
2938
7647
7033
7614
1124
323
4065
4101
6285
2697
3917
456
1143
2936
6071
6819
2967
5955
3094
7620
7990
5470
7584
5915
5207
1487
3406
2379
1242
6088
4511
5094
4256
1972
7647
152
2288
912
681
2914
7513
5372
555
7946
1689
274
6761
5137
4414
3702
644
678
843
3694
7805
7001
7581
821
693
2962
2767
330
6966
3459
3994
4622
7159
539
5953
7374
1244
3645
3244
862
7165
112
2578
5927
6312
5144
285
4161
2409
6501
3785
5125
3529
7434
1422
3100
3732
3441
1150
2204
1887
2797
2480
1877
1226
2160
1246
5286
2755
3646
5452
6358
2827
6369
2218
95
6781
7326
7932
2701
2316
1193
1464
1544
6988
7637
2416
2222
6260
6798
4400
7270
6178
1354
2858
3888
351
3069
6032
2944
2981
7180
2
460
4702
965
2985
5540
7919
7693
2595
258
7605
3226
5728
3298
4878
1250
6604
2259
7324
7315
2798
6415
133
6596
463
4680
511
7851
4448
3203
778
3729
2646
3177
189
516
5527
4507
4102
2700
4633
2247
6829
5600
2696
5753
4056
7129
7913
6387
3284
1638
7358
7551
4050
3970
681
1988
7600
227
7827
1944
3002
756
7951
2389
1841
4934
7995
5039
6475
3714
5991
4420
1850
2915
7226
3765
1841
2274
4625
3957
2277
3249
1832
1311
81
1067
7550
653
3452
2444
1012
3302
3902
4637
1911
4151
449
1267
4510
6662
3269
2393
6038
5474
7847
139
6140
3519
6178
1509
7370
961
2518
2458
246
5655
840
2537
5463
7690
1514
653
7882
5206
3421
1268
6100
6392
7349
7859
1928
4232
6716
5304
6956
3209
3769
3072
535
1919
242
266
669
4800
6767
7179
3054
6798
7873
2403
7932
4452
5315
2768
5980
4303
7200
226
6447
1215
725
3886
6145
94
7672
3463
1585
5600
6650
42
4243
7196
3369
5497
6930
6746
7097
619
1754
7981
4419
5441
821
771
4622
4604
3891
2106
7502
3533
4304
4597
3306
3661
721
5616
4226
6638
2351
6032
6065
7281
3831
1534
7055
7834
2609
246
122
1122
576
4699
1111
1643
1417
5582
4819
1273
6935
6078
3055
7198
3070
2690
1595
4022
1791
1189
5857
1045
3564
5760
4134
318
7373
2447
493
661
4353
3389
4541
3095
489
3009
7811
4681
5057
5229
5531
5486
1936
708
7051
445
4803
6285
4944
3410
3925
997
3742
4580
3889
217
1058
5047
2907
4468
2570
7507
396
3670
2055
1012
7196
454
4242
6211
5733
3466
5997
6789
2918
6580
3307
4947
677
1278
1714
2634
7961
4250
1216
6659
646
707
1580
7430
746
2392
4334
186
88
4458
5218
7712
7139
4372
1353
7873
1789
3146
465
4325
7712
1461
6102
2822
2989
2046
3112
2564
2708
873
847
3611
1203
3941
6988
1489
7938
7265
2530
5428
1134
2529
6357
4867
1028
7120
7794
1452
5457
2840
6031
4534
7816
5680
1876
2176
3619
6069
122
4138
7245
1661
7059
978
5120
7272
7883
386
2730
695
5293
3175
7126
4834
3881
6214
1544
1316
2836
6250
553
218
2800
993
1764
2124
5998
3559
1103
1931
5041
2659
4622
6588
7509
6289
6004
2995
176
1344
3180
4547
3991
7357
2008
1429
740
3087
2871
6136
4215
1252
12
3128
2491
3340
1597
3634
7531
741
6329
7462
4244
2262
7389
3726
2012
2753
5657
4975
7555
1650
6542
1709
1385
6813
379
1315
5201
4423
3929
7475
3364
195
195
4059
2297
6048
6554
2377
467
4705
1768
6065
2347
7917
835
3100
4080
328
7925
7555
5325
194
6809
92
5930
1902
3656
4596
5301
3222
373
2558
2338
7725
7510
2603
7792
3653
6917
6778
7727
3651
2085
7314
4351
655
520
2830
6618
656
7312
4184
3028
6999
5013
633
6242
666
2375
6319
2394
2085
1365
4096
3193
5708
2253
2831
3562
1828
3396
1517
389
690
7992
5425
1495
3876
436
7755
1761
6591
1908
4949
291
5081
4618
5291
5402
4360
2496
637
5447
3674
4031
2594
1842
1991
2607
7920
3503
6307
4512
6601
3232
3224
2089
4791
7867
1812
1615
508
1805
6207
5992
6115
2047
5360
128
1051
1880
7456
4795
7877
132
5023
4540
4044
2196
6405
7110
4917
3589
7660
5985
7991
6725
796
4864
1676
2099
1991
1056
5512
6439
4791
2355
4586
1778
2820
6014
7153
615
4106
6399
1776
4506
3994
2260
2533
2791
2160
3416
583
2806
4517
1039
2206
4734
1702
1156
1751
6600
7845
2032
7448
6582
7310
5982
6673
6275
1277
1485
5396
2700
7214
4630
3174
400
5749
2830
5334
628
1519
302
13
6986
6648
3633
3559
6354
7454
4158
2561
1857
5334
3783
6483
4546
6254
4209
1793
2875
6915
4021
1068
6161
6900
6086
3854
6190
1814
7092
7814
5633
6890
2128
2480
2503
7116
1233
1849
7306
1709
1718
4593
6439
6786
2285
6882
1107
254
5492
6305
224
446
3070
1250
6717
7428
792
3473
6332
1319
6156
4830
7129
7433
4678
1432
3511
7816
2037
3901
1004
5177
500
208
1920
594
7018
3629
434
6694
5102
5210
4284
6487
815
6814
4248
2119
7124
3862
5827
4687
4639
261
1665
756
7319
5420
7009
5782
2982
3866
3330
4715
6592
7174
7190
748
965
731
5926
3406
7273
915
1559
7412
5714
583
3563
5667
577
5958
5451
7478
2357
7780
5187
147
5772
404
6542
4573
7276
1081
788
4395
4129
3898
7217
6074
3079
5525
6840
1438
1515
2933
7863
5503
6189
2246
7933
3521
1001
5640
5594
3780
6934
546
7334
6414
2413
6522
6661
2885
4558
7746
3112
3810
1441
1429
7511
226
6585
7298
431
5822
765
7719
3558
2334
3401
6210
23
7114
1362
5893
890
6049
4425
3048
1906
3277
3970
3779
3534
5942
7510
2012
200
7926
1670
4990
2130
1230
7904
6667
3347
3735
5543
4370
6316
1851
4782
676
191
2020
1285
5412
818
5109
2391
7262
5936
440
6291
4826
5873
6104
1546
4592
2108
1233
5849
2909
7210
868
1735
2967
5164
2639
6256
5854
6351
7292
5732
5332
1727
1337
3210
462
3402
5544
5897
5419
7079
824
40
485
1399
3795
1587
5989
586
7897
3361
3228
1893
4366
3509
7631
1923
911
5666
3314
729
7499
7154
3193
2847
2607
7464
7787
2443
7842
1509
312
7456
7027
840
6220
1447
272
1753
2660
1084
6840
5480
5089
4173
5170
2161
6042
287
6144
4419
5303
3986
1679
5921
1532
6693
3824
3497
2466
7356
3020
3763
2988
3809
7634
3132
6136
4362
7157
2436
3925
4442
7893
4596
276
4585
2170
7364
1378
6920
3912
6748
3476
7808
4335
5945
7108
6107
3427
1875
988
6566
1996
701
1520
1652
1214
4940
977
6566
3371
1531
286
2730
6103
3918
7518
6210
13
758
140
6343
4241
7541
7666
5357
6805
6338
6010
5320
2608
1519
6784
1039
6987
1097
1003
353
478
4480
1662
1797
1435
136
3114
5878
40
6846
4647
2207
5715
1487
6786
6307
1601
6038
5881
4640
3560
2948
7045
7029
1470
7237
5623
6593
4274
2464
326
6510
7193
2015
3752
2799
7467
6385
5727
581
1647
2828
2902
4744
3892
2967
3564
1956
450
5062
464
2210
4368
7431
5582
2857
3639
3421
2216
2820
6503
1354
5097
5349
3737
5235
2678
5930
2885
7615
4006
7392
3156
5504
6931
838
2456
1813
7281
3667
5691
6863
5471
698
3061
338
6012
5356
3650
5118
1916
7390
3924
3983
1019
4557
5
642
4817
2560
5007
6202
1318
4558
2943
5793
6792
6047
3687
1682
2234
439
6676
503
1295
5744
5375
3566
4984
6470
6023
7730
1947
217
2079
375
5285
1519
7876
5397
6880
6905
4915
6953
4360
1559
2136
2040
410
477
1929
662
5743
3736
2740
5703
4040
5068
343
7907
7402
6144
7727
3775
1708
2365
114
7753
2574
5010
4608
1780
2060
3419
4823
6485
3315
1731
3079
6477
4660
1544
1895
3881
4151
5182
2437
7302
4913
7703
291
3961
5497
6177
6944
5358
1239
4368
6772
846
5662
6270
4512
6887
5117
944
7781
3847
4624
7643
565
616
1980
7207
359
5203
2362
2098
5998
190
5299
2456
6220
1528
6990
6834
2307
6
1222
2844
7629
655
2047
7932
4812
5237
1754
2559
900
4357
2055
1254
5064
6929
3290
6274
2162
1691
4001
4731
7639
4981
5685
983
1658
2215
4624
6841
3200
2833
4510
1256
5092
145
4247
2322
3180
935
3083
1425
4124
2839
4095
3756
6569
2703
3383
5025
7281
6218
7252
3490
2792
2804
1504
1949
2966
527
7400
6784
2688
1301
5834
5309
1635
3487
3342
4235
7273
4741
3322
4013
533
6855
5024
6198
1985
3116
4923
2893
6986
2856
1786
2478
2570
6979
4828
2865
5638
7544
3645
7247
2281
6300
560
2786
2865
192
6669
7084
1961
5463
6860
6107
3735
3164
915
6859
6198
3694
4749
781
2151
4413
4604
3495
4835
1642
4368
5019
2932
5546
4408
3436
5477
6764
3000
3551
4918
3899
5052
2751
5333
7333
3500
6499
5706
1565
4096
948
3314
5086
342
7209
3246
5969
193
2965
7132
1585
6245
7012
774
6317
7297
5793
218
6285
1803
4476
7067
4825
642
4043
2389
3703
7680
2830
6486
595
3918
4599
1883
5060
6589
1706
4041
6572
5298
6081
222
1183
450
4755
3622
2376
1407
3382
1202
5577
4561
514
7878
4386
3848
3928
4882
7508
1712
5283
483
3526
6758
5342
3675
7271
6251
1879
1439
3541
7223
2354
79
702
3151
5936
763
7749
2394
7729
4499
1703
4273
7928
288
2270
1333
1071
2546
4805
2853
5355
5402
1597
3248
5936
3673
2192
1031
5880
7639
4629
759
6832
7896
6292
7158
1092
621
1194
1403
4060
3239
4846
275
295
1297
1364
5554
7063
31
3538
4231
6316
1313
1090
3347
4534
4540
3720
7738
1941
4443
2164
27
5188
2082
2154
5917
534
2916
5440
138
4222
4693
7079
3617
1429
5506
3598
5990
6424
3199
771
7613
2288
1121
4251
6967
4983
4462
5333
4588
5303
6482
6138
2634
3253
724
5447
2284
4654
199
2254
7790
3296
1349
4058
1216
4300
345
6098
7610
4603
4668
5919
944
7167
2563
1297
1349
59
7766
5631
3972
6053
6756
2350
5676
6091
661
1845
1292
852
2624
606
4112
521
5215
5326
5403
4116
6080
4265
1942
4743
3965
1520
4039
7391
3437
4716
5989
4235
6300
1104
1387
6824
5561
3034
2347
6159
6415
2746
6309
7377
5175
7734
344
65
2443
781
4376
1395
3805
6235
6305
4612
3369
6460
6123
3482
3145
500
638
3373
7592
7822
4040
6791
4025
2692
557
1608
7721
4831
6878
7020
5202
3615
1517
2257
5169
2205
5279
2739
218
111
4739
2746
4842
6284
5827
1272
3454
1841
7609
5803
3618
7747
708
1674
5644
1333
1242
4286
3531
3436
3487
3118
6586
3425
5687
7423
2745
1735
5593
1755
2078
5039
7846
7538
3559
6120
2424
1599
5427
4202
701
13
4338
3957
7878
1273
6747
3701
667
4665
2781
7017
2194
4317
7575
6916
3168
981
1739
4627
7278
7668
2512
2593
2479
1076
4680
216
3826
4921
3730
552
3507
3418
4929
4653
1143
3933
2956
2508
1816
1218
6086
3613
4765
7812
17
7504
2829
347
1167
5257
1861
709
2714
6158
1289
4678
5813
4707
3352
6701
1858
3059
643
7130
1013
5618
7806
6077
1032
4737
1464
3040
6513
4690
4840
1640
7057
4876
5032
1560
1262
3121
7815
7190
4707
7550
1178
754
5014
82
4498
7716
4139
6931
980
7189
5431
1294
4740
6369
7800
5341
5411
924
7875
526
4700
83
6205
3457
3929
7892
3470
2834
5019
1200
4115
5624
74
3711
1555
3181
330
6821
501
1808
7182
3796
240
6471
3761
3090
6914
4776
2947
125
5669
3290
800
268
7039
6711
2696
2007
1689
4597
3690
2906
4626
2438
4930
885
3924
5500
5157
6648
5704
1137
6938
2846
6406
1062
2092
6295
6864
1002
3453
523
5375
5502
5469
3867
6269
2998
4764
5034
7029
34
2524
5788
4296
6318
1258
6237
6594
2119
7630
7141
3340
6335
4192
7163
1955
1331
4830
120
1736
3947
7036
462
4921
6337
443
1097
6369
6022
6589
1492
7820
7585
7320
7102
2013
6329
4521
958
2947
2006
5803
6325
1065
6787
4679
1268
1517
6198
3246
4478
3220
5810
7590
3215
2684
557
865
4252
4945
7150
7188
5597
1604
3578
518
2185
3961
4271
2280
3169
4352
1712
7140
5231
1671
6146
6392
4304
782
1398
3717
3824
5531
1993
7267
213
7790
4040
7288
5407
7671
4024
4297
5262
2375
2228
6735
6916
2693
7448
4814
2380
162
5214
2978
4508
7246
4039
1115
3415
813
3325
6794
6230
7556
2166
1244
4584
3513
5019
2599
2711
6586
554
6979
7789
1340
4569
1691
1719
359
3132
196
3337
3407
3304
4365
6274
5479
6361
5655
5138
6961
721
7206
6009
5177
5506
3257
3153
1411
7150
6167
6094
1794
3085
7787
2949
6922
3055
5585
4331
6408
98
2289
4640
4337
662
4684
5803
888
6975
5076
4936
6724
3451
6785
3552
6177
7157
3297
1367
3958
137
3696
331
1463
1000
296
667
3995
959
3418
6567
657
6163
446
5655
3183
7087
6728
7071
7595
5250
1467
3201
5581
1731
770
5331
2404
6998
6845
5442
6840
5107
7833
4439
129
4421
3875
1337
3414
976
670
3251
2984
6039
3346
376
7088
4733
232
7204
7782
5290
6708
6789
2996
432
1810
4058
2538
3183
5940
5915
6963
6774
7098
5817
392
3434
5379
7974
7715
620
1924
4056
3639
246
855
2954
2718
5638
4501
4804
467
7935
934
1181
6881
7244
728
62
859
5830
879
2856
2446
2968
6652
1337
7988
1632
2993
6059
4650
2521
5172
6429
164
2808
4466
4310
416
2195
3318
6087
3032
3528
5306
2320
1596
4509
1917
5446
7711
6564
2517
6196
625
4642
6599
4255
2413
111
2389
2767
723
7968
1047
5898
473
6948
6861
3683
3742
7148
3572
4275
159
3919
2775
615
4717
3692
6248
6395
3039
977
4431
324
1284
4635
5378
6068
6299
3935
2262
7898
2119
5833
5589
1000
3773
3395
3280
1081
7936
665
5559
7442
4431
154
550
3560
3804
3073
6466
99
385
7700
2757
5794
5423
6605
4374
5119
2343
440
2333
6484
7468
6876
5013
6654
5176
3613
6755
7136
3758
4961
2214
2667
1424
7090
7631
3421
1330
1124
3187
6600
4590
567
1886
853
7258
6398
5610
3528
7607
5697
3345
4486
619
2209
7872
6484
6322
2106
5804
6945
5648
909
4649
7879
4618
1247
505
3086
2517
7132
7202
2482
6863
7680
3
678
685
1911
3751
1496
5684
6979
603
2487
7405
4063
2429
499
1682
3810
5974
5763
4494
6501
7850
5549
2789
6952
5452
3906
5038
3506
6711
103
6474
4344
3547
603
7120
4928
2101
2998
71
7367
2594
1071
6104
5791
53
1249
4866
3164
135
6543
1168
4081
7438
5157
3849
2967
2546
3393
550
1774
5787
3441
5833
4903
3983
3199
6123
1889
6139
1322
1558
4370
7439
4215
7445
5865
5519
296
4010
882
3111
7628
4990
5881
448
568
7006
626
4112
3987
3619
4120
1142
1944
5106
3669
1798
4887
4774
6050
5218
4605
6539
3311
3210
4822
141
7109
1780
4816
6384
2410
288
6594
2497
2949
2854
4652
4300
4162
7505
6593
6799
6776
1199
2210
367
7689
6505
1325
1834
3786
6097
7222
2701
3172
3770
1492
5351
2235
2892
224
3325
397
2071
5177
4671
1756
4968
2059
6139
1615
3098
6737
5393
5398
3951
3545
2983
6285
6176
328
5277
4131
944
2397
5635
2747
7
5754
4682
5074
1086
3552
3001
2530
3127
506
481
5127
6511
1821
6227
1761
6294
6414
80
7993
2334
5636
1921
7207
2834
7408
7529
4467
6569
3899
6231
4026
603
1295
6496
275
6771
2840
6412
5235
677
4940
4112
4238
2147
7209
637
575
747
4541
4598
2922
6691
3180
2983
2784
1831
238
2996
5763
418
5271
3440
7274
4955
1499
2064
5446
3922
977
159
134
6668
3767
4659
4153
875
3575
1503
1075
5441
5736
6058
433
2470
5720
4800
3008
776
1417
2536
7642
579
7673
118
723
7794
678
642
7475
4996
4626
3672
2661
4370
900
2737
5519
6639
4047
7330
2243
6081
1238
3092
7126
1296
1040
6836
1678
6301
9
2220
6850
4085
6505
4881
2108
4870
6073
5470
7138
4784
227
5985
6678
7775
250
5876
7642
7257
5370
7919
568
6163
5520
2012
2721
201
541
2923
3028
2061
3703
7335
2945
7840
3248
5481
2670
6655
5851
2700
4635
1791
6605
2656
4321
2204
353
355
5408
719
6527
3437
4505
1438
5213
2346
4057
4856
2629
2957
2328
4737
2649
7619
2912
619
6229
5734
6386
2950
1877
5236
1445
1625
4823
1919
464
3697
5441
3365
362
121
5350
2115
4784
5451
645
5606
1095
4806
5330
898
6819
33
1466
2023
2087
5374
1249
3056
4430
7043
7406
1662
7241
2533
6025
1765
5481
7621
2211
4388
5632
6272
3447
5787
4099
1537
3536
4984
4147
538
140
1075
4477
6676
6623
5947
158
6467
6491
3696
3786
2781
2926
6546
1743
4940
1132
3321
2486
65
4750
6279
7466
2316
507
348
3420
4521
839
3656
6181
413
2938
646
4781
4418
7058
5543
1932
4127
1611
5964
6640
4732
3549
2904
5631
2677
3911
7781
2557
1676
843
7414
5999
6340
7994
6829
7681
7019
6129
4479
2213
6199
612
4068
6717
6036
5402
1107
2107
765
7417
3309
4678
7562
6852
7737
96
4680
674
1168
7047
2127
5665
5849
5720
4304
3450
4792
3322
1902
215
5059
4218
3535
1362
4470
6003
562
1216
5991
6961
6659
6190
2940
2326
3884
7338
5723
6524
6831
4741
3106
6811
6578
2392
857
7469
7577
197
164
4753
7834
7295
1917
1454
5005
2701
7970
2328
2819
5450
6155
5431
2265
3057
735
2278
4877
3671
6759
1113
4112
5817
2051
3139
6748
56
924
1974
4167
3170
6937
652
4505
499
3862
6599
6299
6684
7826
884
4656
2754
7079
6037
7144
7690
7104
2430
5971
980
5958
256
3219
3077
3291
5125
2613
7690
523
1851
7490
2778
1471
7669
4624
187
308
3150
5278
5447
5356
5135
6944
1008
6692
7186
3800
1538
2053
6952
5158
552
414
5625
417
4082
4946
1066
3174
4949
1038
7300
7601
5043
191
722
4394
4573
1729
6794
1217
2903
5018
5744
2812
1179
4904
2872
7376
6432
6424
7979
7919
7835
2905
1547
3682
1863
6736
1530
3223
417
5838
6872
3964
3767
4351
7468
3341
3107
740
3269
489
275
1027
7649
3948
5003
540
3277
1657
4908
3424
3150
5526
2742
3422
2240
4861
6604
1214
5053
5807
2679
4273
3776
5452
6062
808
2762
481
6164
708
197
3649
4099
7502
4520
4759
72
3177
3098
2298
3886
6789
3610
4738
576
1940
734
5211
5193
4994
442
6999
5406
1377
6340
4809
351
1250
502
4623
3513
5451
3091
5423
2223
5093
1230
2214
5211
6837
6759
4668
6063
1390
1239
7644
7873
5349
6254
6627
135
4293
2939
3127
2270
4164
1708
4186
3602
2198
2550
830
6617
3232
5815
7643
2272
1583
3226
3072
2635
5994
3196
1703
1911
4165
653
7051
1794
56
5304
4414
6477
3696
3590
1078
6336
3332
447
7143
6095
1002
1043
7192
1404
7531
5817
5551
1949
4052
1622
4813
5792
4335
5536
7586
5516
881
2435
7096
6729
4149
580
1747
3811
6313
5412
764
4363
7560
711
1114
2655
4616
7317
3586
1195
1812
737
3792
3503
6716
2568
7479
5986
299
7261
533
1208
2906
6979
2635
1697
4932
4825
4747
1810
1626
157
818
3271
1975
6538
1241
1417
4822
6212
2150
236
1219
6262
424
6493
1551
186
3364
2522
6472
5433
4009
4162
7208
339
7851
4943
6157
6977
2638
5153
5481
312
3200
7677
5691
2321
4236
7829
1470
4840
44
7242
6880
4737
1375
7791
437
2098
2556
6096
6957
3005
582
2098
1284
1148
2880
6877
4792
6018
2819
1368
7488
639
2125
3892
6267
804
1756
7115
4775
6280
4988
1546
4371
6858
6749
7277
7319
4665
168
330
770
1584
6227
3281
532
4933
3955
1298
7789
357
5330
7296
390
7864
834
5620
7711
6155
2864
116
1784
2349
6652
2486
4484
3673
521
5216
2971
1750
6800
5778
4911
4828
4793
6054
3649
568
2796
6006
5781
7985
2852
2015
1763
1452
2822
261
7247
589
7730
5144
2843
6367
6807
21
3228
886
843
3343
1002
6419
4379
2223
6364
7815
6303
4538
2164
1820
146
658
7382
4016
6241
4224
6015
7139
6146
4912
4083
4979
3463
893
5431
4390
5939
5807
4289
553
1740
3778
621
7542
4785
2538
7025
442
6190
6931
5971
6264
6542
5677
6425
680
1457
5160
386
5861
350
828
5875
4550
281
301
7092
3210
7097
5197
6876
1081
6644
2114
1098
5192
764
4361
2774
3261
7758
443
263
7445
7
2576
3655
7331
1402
7841
5716
1593
769
6962
3959
7179
4112
7151
5434
658
5584
2934
342
5999
5162
1558
4075
4945
6241
726
7476
1944
486
4666
5369
4411
358
4097
3334
7207
2855
6130
2141
1512
531
5656
424
7565
2452
5772
1969
4231
5728
2226
789
723
1239
1862
2486
345
7243
4057
2673
1747
4958
662
912
177
5203
3914
1408
1596
3998
4900
5701
3067
6717
2489
6572
6291
3275
266
3201
4465
4115
3978
1539
6253
2530
6555
405
7975
3744
2777
3894
6581
4704
345
7347
4033
3637
7858
3035
748
3655
637
6196
7671
7271
7194
620
292
4128
1588
4307
5400
655
2949
4359
2244
564
2012
431
7620
584
3934
2348
7944
7889
5706
7500
6001
3317
2690
6593
1726
1292
7303
4562
6247
4088
901
3537
1161
7033
1231
7757
6276
1980
2667
2696
3937
2740
1617
7531
569
7788
5808
7225
2450
6556
4210
258
74
4154
6401
3673
5945
7314
6474
2568
3986
2393
4737
4737
842
4351
2469
88
5373
515
517
1520
461
4171
1603
4275
2380
6708
536
4167
604
2919
472
2109
1748
7085
6071
1547
5478
6468
1037
2044
511
7666
1686
2086
2095
6617
6653
2973
3402
5708
1114
5478
2062
6305
1977
5294
7045
2183
5021
4796
2029
7834
580
4837
23
5301
5549
2239
3981
2439
4120
6423
1719
106
5965
4967
640
239
4447
5378
116
4030
5234
3666
6572
5533
59
2052
366
2382
6791
4418
2703
30
1471
4130
4634
2555
3306
220
3766
7558
5235
4738
3010
4777
4716
3371
1476
7339
6292
5873
771
6977
1813
3164
2481
5351
5713
4381
2573
5424
6302
1088
2952
1947
6159
2204
6823
2086
3510
5644
1960
2023
4135
547
5288
5464
4478
1116
260
7603
3939
4624
5055
3071
2252
3500
5859
4201
3652
4641
172
4758
939
7773
993
2360
3903
3643
1796
1695
25
7415
2348
210
7418
2084
3889
2207
2248
6625
6536
7663
3988
1097
4463
5085
6878
6186
204
7624
4827
7096
1937
2087
3318
195
162
221
6036
5095
5498
6670
7644
2115
5835
1904
1463
108
1188
6373
7188
610
1432
6792
48
6658
925
4358
2644
3646
2290
111
3807
6539
3076
140
4677
985
915
3124
6744
4808
913
7322
3782
5081
1674
5993
2723
2978
4298
4819
2153
3463
3196
6437
6269
6437
3407
6944
1268
7824
5086
6788
6166
896
5839
2669
1954
5063
59
4834
2450
1862
6224
4524
5856
7329
7476
6308
7432
3888
1835
2192
6160
4792
3195
6384
3654
4697
1614
6995
329
5576
5143
3119
7562
2624
441
5681
5780
4725
6756
6226
3658
4170
5121
7403
3440
323
6736
3786
1901
4861
1615
2629
4688
1885
6686
1358
976
6534
4450
4616
4632
1743
4903
1049
963
4084
5065
6977
6180
3787
5588
1578
2953
6010
2026
576
5504
1512
3301
3074
987
1521
2494
4825
1841
3550
7278
2729
5093
340
3858
2471
5611
2379
2388
4394
6343
3394
6472
5380
7640
5745
7188
4114
3926
7424
6868
3986
5016
5558
444
7157
89
7092
6527
7733
1723
2275
2928
7273
1868
875
3752
4247
1929
6758
1511
841
3296
3348
318
739
2810
80
5612
1395
1017
5122
2311
5834
4798
6807
1949
5963
687
1326
6812
3329
2295
6228
5487
2870
782
499
5546
6657
3642
5062
3304
4255
7190
4496
5298
1925
6802
718
7267
7925
1211
3114
522
1808
6908
3121
5328
3755
805
7879
6875
2148
1516
3098
7922
5878
6322
7636
161
6668
3271
7765
5151
5907
5935
1760
5614
2067
5350
6804
5379
6847
6499
5471
871
6923
1562
5742
1373
1277
2244
935
2053
4679
7970
3483
7552
6228
4288
7542
4949
2273
5495
7481
2323
3406
757
7659
4664
4085
6657
1931
2130
4410
3257
3400
2532
3683
7134
6965
3531
6378
6419
6583
6114
6737
3938
4736
6050
4022
2560
3074
5838
2023
3922
6812
3214
7607
6191
2777
4889
3154
616
2905
985
2573
4102
3407
7882
7617
1234
3693
7140
3546
219
669
7865
4395
1395
3890
4512
773
4795
5150
7187
5191
4320
1573
3798
2167
2086
529
4697
5010
4517
3752
5600
3169
3728
5595
33
4045
4093
6656
3118
2676
3682
1410
83
3516
1245
7960
6082
168
3960
3827
2861
5609
4458
5564
5940
7222
4833
7933
6464
6878
1342
7710
5679
669
2146
3668
369
3310
2408
7189
3506
7841
6322
5391
4281
1453
553
7641
5328
3463
7103
3690
997
6132
3192
7497
624
475
2600
836
3606
6238
3006
2469
5581
7722
3905
6626
1473
13
3802
148
1463
5449
4499
490
241
5350
1310
2847
401
7628
281
2921
5697
1104
7376
6068
7185
4111
7171
4686
1506
4665
3114
1700
6788
3312
2871
2605
2971
5778
3291
4069
3271
1618
7115
7421
2179
7374
3972
5009
3342
2269
7629
2074
1801
4199
3260
1957
3617
7417
1339
4995
2285
1688
7436
2755
7130
2134
4683
3037
453
1252
3123
1008
5096
3111
4388
1263
889
1486
4388
6934
5775
1634
3363
1764
2887
4574
6787
2756
2726
7554
5207
4108
5567
6627
2667
4969
1560
3525
5830
5722
3016
875
1707
2397
6691
7022
6310
5159
6362
5133
4869
4952
6748
5380
4708
2670
5569
7648
6829
2041
7209
6161
4960
6735
7712
7361
5200
128
6917
7460
7342
524
6956
4113
1610
7188
4928
6928
4951
3087
7789
5556
3119
3070
7357
4266
2967
7842
128
6163
5187
4140
1650
1679
6557
885
1816
6490
3586
4463
2859
5020
6029
1372
376
1147
3865
6782
2567
3508
5697
5390
2171
7018
2538
7280
7353
1534
1988
5159
2188
7583
588
3525
6985
5027
5270
934
3246
1175
841
4958
464
7764
4011
2096
6582
3027
4895
1025
7488
6851
1707
4940
7244
6808
4223
7254
4377
5989
3699
7333
3501
5165
3921
4653
501
2999
915
6091
6572
5600
2605
5045
6397
1589
2254
3058
6380
1985
7588
6982
7154
3684
990
6513
3175
2469
5429
2649
6886
6153
5805
3140
5163
2725
1304
5962
4607
5488
157
6858
4632
1436
5751
7069
1210
6567
5504
6216
547
1581
2992
3702
2918
6144
6561
5413
2710
2106
341
3103
5989
4882
3321
492
2701
2030
5483
6342
367
2872
4667
5645
3003
4148
2542
892
1807
2641
5513
6364
4899
6398
3084
1143
2020
3006
3516
80
4255
5311
5605
401
5153
744
4576
5829
4381
177
4434
5127
2893
7863
5429
2618
3996
7760
475
827
6212
5467
3183
660
6452
3740
1535
4787
6516
455
6263
3482
6027
4699
495
6615
4961
7409
7209
3959
2273
3285
3987
2871
3489
2580
276
2619
6661
5014
900
5634
800
4271
124
794
6493
1008
4945
3024
1886
6851
219
491
1442
4215
2747
7962
3116
728
3868
4522
6114
195
2744
1340
4275
2552
4510
247
7548
6449
4403
7290
2605
7218
6328
6357
2279
4322
7306
3000
425
4121
3183
5739
4652
4986
3023
1408
1675
3651
2817
1990
7911
7842
1929
3520
6026
1483
1822
470
714
391
496
6217
241
7119
3561
236
4570
6361
1843
2770
5086
2674
2427
5763
4849
4237
4917
1139
582
2843
97
1204
5946
1883
7692
5610
3567
180
3673
1087
183
6657
6849
5593
4213
6188
1369
5385
4862
7294
1940
3142
7173
4021
840
3161
2424
7447
949
4249
4901
71
4291
4762
2465
7766
7883
3490
682
859
2073
1500
1483
7622
6064
6737
4608
6513
143
7123
155
312
1139
6139
3110
3083
5085
598
4042
4353
4565
2588
7280
7279
6063
3938
3685
3962
4045
3024
3203
7913
3109
404
4878
1919
3205
7256
6940
4359
4052
370
185
6704
7450
3931
1673
4187
2371
2339
2799
1715
2911
5987
7022
3517
622
4530
6094
1967
1115
2524
7618
838
7878
399
135
4435
5958
2904
2767
4630
6575
4110
3423
4173
1040
1741
1526
4302
1984
6246
367
84
1755
5653
7016
2775
3719
6708
2916
6303
2492
3054
5998
2073
323
1845
5759
619
5245
184
7074
4869
7272
6159
5846
6520
6238
2937
5684
1804
2526
2249
1617
268
7631
5852
38
2917
5186
1934
879
6512
7736
4590
4304
1163
932
239
4222
174
3377
6048
7197
3260
1479
3934
166
3033
6602
4871
7052
3708
6372
5875
7391
5637
4933
1759
752
3984
5864
810
2678
394
5335
324
6384
6595
3505
7907
1036
5061
1131
4663
2056
933
5077
2913
7831
1559
4319
6112
2886
902
5211
1484
1567
1508
516
4998
1870
5887
6208
5999
514
3542
5474
2200
2134
2730
5619
4474
5681
3800
2674
4647
5994
5349
793
2177
7024
1435
34
4906
2794
3988
3274
7035
3994
1300
5397
5945
4295
1948
1682
4229
91
571
6496
4306
6410
7336
2929
3932
372
398
2638
7832
4173
3687
6363
3174
6203
4556
7325
2254
7039
5899
4409
7786
7256
2683
4286
2656
4516
2124
1062
596
2313
354
4441
5019
3347
6052
4403
6642
3295
655
583
2032
3639
5457
5604
5113
2558
2771
3927
7605
2703
2518
5169
7360
1441
2049
2826
3171
3374
2553
3973
1027
7892
7091
7510
857
507
2694
6786
2722
1208
4165
7462
5976
1329
6347
3643
3104
4482
791
5272
6085
288
4827
3256
2213
5372
7887
3582
7210
7594
6475
3510
4284
3971
6165
6366
7862
1800
2488
4901
2198
5768
470
7922
1912
5763
4222
1384
325
3407
2049
7721
2344
5883
2754
6617
6401
3379
4173
6820
478
5027
4074
1154
423
735
2289
3065
216
259
1759
5348
6388
3670
746
1076
3000
6580
4818
6580
782
2733
3769
4561
7172
6696
2100
6041
1276
7756
7906
7427
1125
4640
636
2160
170
3568
1966
6128
3625
1267
550
4808
2214
3116
4586
6194
1153
78
5742
5222
2085
3363
2662
2008
2883
2286
2073
2562
2559
5072
5111
7523
5288
3752
4396
7560
4014
126
2421
2698
3471
98
6002
5272
1427
272
7677
5942
3193
599
315
7686
1137
3706
7536
3207
3467
7639
2520
6363
2800
1862
7603
6157
1552
4036
7456
1234
6043
6033
4205
4687
2356
3606
1134
5276
611
4811
5964
6216
1930
7448
4192
1821
5210
4603
385
997
134
7785
3929
4332
3384
2936
1919
6536
2947
6588
2561
3607
2714
2416
7359
1096
4863
1304
5440
7133
6717
6373
2879
1070
922
4441
3206
7858
7944
7467
7294
7610
1307
1645
966
7742
6528
300
3458
1564
7723
6552
630
6878
6545
677
4179
4924
6488
3824
4752
3233
1227
102
5949
4722
1875
7586
596
1037
738
149
5074
2510
7090
2795
4933
6872
7278
235
805
3538
7343
6496
4455
2095
6889
6646
6288
7795
5479
614
2311
51
756
4182
3887
5852
1243
5242
243
1142
2130
768
6627
7786
5107
4395
3774
6082
1515
4989
1872
7985
3254
3803
2238
83
2699
1196
799
565
531
3778
2765
7064
6752
7228
5500
6066
3164
6891
6667
2806
7488
179
6041
3989
5894
3956
2074
5509
4256
7850
6058
6593
3818
4050
352
977
989
1935
615
1483
326
6539
4169
602
3959
2593
3085
1598
7293
827
1027
3668
5010
1207
733
600
5971
4880
5824
3368
5044
4538
7323
3211
4146
6093
3512
1457
2377
5670
2129
1724
3688
6474
4452
8000
3490
7437
6729
5447
2662
307
7428
217
6961
5716
4375
4794
2306
453
6426
2419
2254
5812
7885
7381
7798
7444
4908
4284
1078
1019
4292
6929
6495
6280
3718
6674
1287
584
2009
7702
7359
3098
1077
715
4741
2002
1198
1603
1083
2780
3917
2735
5400
2402
1445
1578
2782
4271
2532
7993
7372
3796
7081
2897
1236
5770
1173
4121
2127
1434
1829
7218
4080
698
6591
3509
5046
1401
5386
1595
1702
7388
6979
1699
57
5770
2574
5967
2322
2021
7625
1200
1138
2554
1959
3588
1455
2651
508
2844
4386
6282
2580
4707
4577
1113
1225
1948
7405
4752
3221
427
4012
4623
1700
471
3097
1652
6254
4878
5626
7103
5763
1065
2322
117
6183
5426
2841
5442
2209
2660
5737
4001
1679
7345
2746
4545
5180
5002
4944
6560
3700
986
1843
7483
7575
5523
3296
3754
3565
2798
4350
4742
7929
6061
1235
4044
7569
996
3832
6086
3245
2231
7754
2664
5565
4005
3235
7544
4992
7878
393
2673
1618
3088
5476
554
4741
6176
4726
6515
1844
3448
5830
511
3284
2435
4253
1097
7884
3809
2549
112
7687
3999
1775
7844
6471
2950
3140
1478
6140
5400
4542
5835
1557
1942
1640
6306
5206
1989
4291
2646
1451
5938
4922
6645
4091
6516
2584
1842
4993
1073
7097
3400
4247
6180
6270
5856
4116
2141
7237
1909
5976
3401
5017
5366
357
7219
2277
5100
689
7371
495
4060
3001
7078
2627
7727
791
7943
5036
4048
3479
157
2027
6486
583
5068
545
3747
1549
4464
7823
3211
4030
6559
7808
1017
3883
1519
5317
4111
4478
1273
674
5709
134
7068
4231
692
1232
132
5250
2987
1719
6124
5106
5025
4221
3809
3199
6836
538
2505
4872
5650
6931
5797
2205
6814
3023
3603
1135
1173
807
7191
5764
6513
5052
6106
4399
5901
5133
6579
6464
6667
7112
4198
2552
5491
7329
7018
3968
7644
4642
1008
6042
5840
258
416
4631
1515
5688
5926
4555
6468
81
6701
766
1359
6209
7018
1316
4994
6390
93
3215
3831
4851
2068
7332
5010
2716
2928
651
5731
2445
2411
6507
7054
2224
730
5270
617
4047
5104
7616
2533
3814
1156
2742
177
7549
1556
1613
3035
7541
4489
408
6264
2848
2044
7326
5831
2134
7546
650
3089
325
4548
1125
6611
6920
5594
6978
1119
1595
4986
3576
3328
6158
5219
1429
861
7577
4702
5137
2208
2223
2431
3777
3414
5110
6441
7629
6553
438
2192
1892
749
4911
4483
1199
2025
1840
3945
2371
3991
7781
3274
2906
861
3441
7634
7556
6044
5820
2066
3418
280
4559
5896
4660
7769
6366
4192
91
2898
2660
6266
7745
5249
7094
2670
4016
2390
7888
6030
3201
1239
2613
4907
526
2563
1398
154
2218
7094
2064
951
6735
1676
3002
5867
1687
5321
3135
6699
239
3705
6474
1409
1801
1555
319
6031
82
5155
146
1873
6052
3304
658
3746
1340
2683
6405
6146
878
2418
5882
6358
1047
6404
3419
176
3092
2030
962
4753
817
6933
1421
1644
5093
5676
1525
109
4348
4888
7259
2810
7572
2898
5668
4281
1932
2126
7943
3218
2298
858
3876
4214
6300
3592
5848
7200
4242
591
5646
3611
3018
7663
3992
7236
3643
6356
6206
2449
7446
2813
7126
2258
6009
7005
1492
3767
102
5377
7204
7059
7605
1524
6134
7839
2885
5024
2969
322
5496
1973
780
4687
2016
5327
5777
1296
2612
4307
578
450
4296
2969
7208
5408
444
273
4234
1316
4403
351
4483
204
454
1033
535
5018
3642
1299
2567
2078
4656
3112
3747
7863
1436
4476
1312
2712
760
6512
7723
5512
3194
822
1148
7532
6787
693
7021
1737
6297
1007
2253
6661
1175
7201
2288
5229
163
5674
138
3709
4513
5680
6652
7643
6118
7552
238
4452
4144
692
7134
427
7956
1882
760
6911
1783
3154
3238
1069
7233
3960
3625
2054
3855
2884
7785
5347
6185
2990
7049
4837
3763
853
4159
4993
6119
5345
7139
3261
5186
2535
5637
4148
6846
3086
1732
1440
4545
2352
4060
4441
1108
2947
5120
6552
4950
6905
7977
7937
498
7972
2541
7329
398
1310
723
6579
7173
1000
1702
1962
4376
2001
4616
2858
3808
4954
393
23
711
4951
4920
1747
7032
3288
2362
4866
2516
2057
4376
3729
6503
471
797
3894
2010
469
7521
5689
1002
3549
6560
7923
3033
1786
2639
1366
5539
6661
1711
2413
4595
6351
3042
1509
6103
1727
2686
3021
1905
2940
5216
6682
3888
5454
7874
7790
1791
3712
7056
3609
5308
3144
2680
289
4844
554
3137
4478
3181
2201
6365
2601
2732
6687
4673
1942
2328
5824
5300
3583
2838
3354
5286
1380
3254
3472
7236
4816
997
7463
4553
3485
5477
3056
5975
6586
5563
3240
7494
2860
4327
7452
4604
2195
3097
5137
318
6959
3234
5026
517
6435
6633
1067
7637
2104
1951
5734
6986
2084
2485
2580
564
461
4108
2143
1764
7817
1773
2749
3655
1640
1786
4951
5619
6580
4196
2539
6272
7863
6495
1135
7129
766
5139
119
7570
5597
5013
3800
7868
4787
1173
2958
2360
1071
5017
5915
8
7827
7658
6257
4588
2872
6348
3282
3243
2451
6132
310
7088
2422
6070
2605
2263
4314
1341
2821
2952
2459
3454
2350
5572
4356
2350
2460
4541
781
5235
7469
1003
6242
6233
908
284
5542
3719
1685
715
5816
1841
1529
5109
1333
2063
4709
5224
126
7053
5918
7901
59
3972
2416
1351
7839
3369
455
428
7982
1476
5789
3060
1533
3812
3349
4992
6330
7122
5287
1148
4459
1859
1854
2168
2683
4562
606
4723
7794
2157
5194
5561
388
7246
3685
1712
2061
3180
1815
2669
5531
1203
5746
524
3949
3378
2966
1983
5306
5460
6034
1830
1013
786
5835
3424
3792
1639
6114
4577
3455
131
7633
4101
2366
7171
7894
2724
3925
33
6612
6631
2907
4328
7030
218
3513
5676
1877
322
1008
3319
2524
688
1117
2822
2602
5526
6140
5046
7095
2778
2860
7289
2491
4713
2609
5325
971
2638
2111
4847
5957
1475
54
3211
7983
71
6633
5048
7707
1328
4899
802
5710
3523
1260
5767
480
6146
6600
3751
4070
261
7233
6773
527
1612
2662
6803
4428
340
5844
765
2164
2920
2612
197
2534
7418
5189
6207
816
114
7836
6461
431
3078
937
6718
5304
3979
1275
4706
2679
2763
1414
7329
7702
6039
1765
6077
4897
5662
7963
373
3815
1407
3614
4540
35
7772
5910
5929
7067
816
7906
3760
6345
7970
7260
5137
3641
6746
6430
6543
5682
4499
6020
1764
4248
5489
2548
1907
1361
2773
2780
6014
231
5936
2555
5785
3886
1748
4835
1823
294
7057
5821
3683
1762
3454
6349
1321
2794
726
3255
1110
3423
7558
6979
486
7133
6019
6109
733
6693
2017
992
6400
1468
994
2323
7620
910
139
1012
1095
599
1022
1525
894
2884
963
4869
3631
341
2152
1872
7008
901
6667
2761
7503
6829
5173
1703
1443
6118
7145
301
7843
7085
5629
4271
7718
5516
7145
1106
3018
55
5150
7891
41
4725
4569
1099
7561
5056
7351
2097
979
7469
5963
5920
2887
5007
2286
282
4909
6745
5782
2958
719
4612
7914
5142
4965
5232
2069
7556
1233
4238
3674
7646
4685
957
2215
2791
7137
7987
3372
7904
3289
4831
2221
15
310
3149
5718
191
5220
4041
2959
2056
236
3847
2641
912
6699
1474
7928
2578
4675
6692
4313
1055
5904
5606
21
2082
6749
4920
3055
4199
1880
5347
2394
991
4740
5165
86
7005
3374
5821
6653
2469
7202
3327
4697
7718
7006
10
6073
7237
647
768
1348
5468
2459
5046
3981
2115
3623
5142
5031
4814
1914
193
4538
2262
1049
5240
4566
5693
3892
3324
6408
6380
7257
4788
4459
4319
6120
2960
4033
7140
1287
4716
5314
6239
1559
311
7796
4114
3814
5140
7420
6811
998
3200
884
4094
4637
2293
5053
2917
2975
5071
3479
4517
2874
1774
7791
2243
7792
2331
2743
7671
2794
5358
3772
7344
5930
3247
2741
4311
6210
7675
2135
344
7491
553
305
3295
2041
750
6772
2271
6037
4542
6994
1689
6123
7028
652
7643
6686
4020
3780
5831
3736
1487
2074
2453
7678
1127
7029
6555
2530
5779
7648
332
5435
324
5848
1983
2323
233
6435
4275
3712
5265
2723
6479
5141
6800
490
366
985
739
2128
858
1976
3095
5059
472
3193
806
6751
1702
2864
2916
7614
7552
2549
6169
3666
6824
917
176
2545
6375
3847
656
1839
1551
4897
72
242
4420
3019
7088
642
6075
6516
3981
3360
3392
3781
6262
6937
2686
595
821
6554
6779
2841
2864
6086
5026
2853
3209
1094
2949
5969
5250
1697
5346
5493
6565
4940
3045
3867
3555
3587
111
1651
379
5400
5206
5961
1821
3723
2989
7475
7503
7708
645
1231
5841
1309
7411
5997
700
4171
1300
4360
7472
7518
2383
5563
5038
1567
5338
3825
7747
1402
6912
5278
4327
3092
4065
236
2468
3423
2170
3321
635
107
7782
1087
1347
4479
1509
6739
6291
3048
7197
979
7330
401
5726
6105
685
5204
4394
3637
7321
400
6197
4123
5530
6140
2281
2328
2771
4218
2797
779
7231
5807
2215
529
6287
6611
8000
6145
4820
1092
4263
7770
2720
4384
1752
185
4200
4882
4702
4495
6893
7532
7766
2515
1500
2039
631
2868
3186
5702
5519
6098
6435
7122
2895
5357
2685
7361
1802
4574
4169
1160
122
4357
3890
4147
5380
7234
553
194
7677
808
5895
7159
1196
4078
1716
1773
4050
4008
520
875
1063
3126
2737
4921
1703
6588
7381
7795
4685
1682
184
7899
6558
5116
2207
243
4842
5980
2678
524
4431
4966
879
1817
6910
341
4396
1351
5634
6812
5471
145
6398
7008
3823
7566
4214
5220
4638
1614
1424
1796
2218
1446
7516
871
2160
2632
915
751
5015
5975
6236
5810
1516
1913
1109
5358
4490
109
4943
6328
7549
5791
6874
3254
5351
441
5700
1166
7074
7933
7644
7774
7590
4497
635
6126
6126
217
454
7011
6742
3979
6061
629
7368
2495
4535
2018
3223
3334
6466
6820
4459
5501
6085
2209
2015
4258
3289
5859
6887
38
2744
6535
2358
3
4484
5369
4062
3471
5323
5216
3770
5457
1033
3925
5577
20
3246
1114
5787
3643
2082
5769
4721
4372
5703
6282
7712
4912
3646
6409
2934
4785
3436
5671
4384
3940
2558
304
7819
2577
1002
4494
4746
6353
3512
188
4408
1120
6146
3197
6110
371
7671
333
5974
7372
3942
4248
2609
395
5754
6378
7191
6279
512
1767
1197
2845
7281
1852
1596
4360
7980
4501
1359
5170
4483
5584
3548
2762
377
3186
4391
4951
202
5657
3748
6412
5868
946
2844
4188
1365
4076
3217
2192
4541
2541
4133
5206
4005
5379
7480
6748
4824
29
3729
7901
7857
6267
3967
5627
3933
5603
4032
1999
4642
5334
5921
1277
2784
2818
6823
7563
1623
3961
4462
1907
7402
1314
2192
6838
7779
6702
3912
3380
5878
7630
4247
6330
10
4068
6055
1499
7349
6263
239
4994
2120
1706
2262
7622
1611
367
923
2047
6601
7544
4724
5144
5520
5934
949
3814
5042
3622
5684
2232
7567
529
43
7728
4247
4338
7325
337
4938
4118
5885
2136
1922
3263
1355
4048
3508
2465
1024
4961
5299
4945
4460
5801
1397
4154
414
1998
5466
3154
2244
6994
3626
7244
1747
5927
30
1807
873
4741
5859
5416
882
6651
3802
6011
3976
1026
483
1280
3742
1880
7643
6571
7710
715
1315
7020
7633
6740
6116
3993
3392
3687
7568
1129
7960
4552
3754
3490
1683
1952
7816
2004
1877
784
3671
5640
4948
3205
6625
7348
3196
4173
6027
6512
7634
7529
866
1646
87
1187
1751
7589
6511
5282
6983
4366
6786
5179
5504
83
5859
4618
4289
3333
6256
1346
2370
7053
5753
6337
5492
37
4708
6695
3466
7303
1743
1129
2488
3046
2296
1505
7291
6301
410
1384
1241
741
601
5479
7530
7498
5088
2026
3607
2144
137
630
6434
7602
4221
349
5031
6779
5404
7631
2209
6232
2207
2739
2863
766
3515
1655
3352
3240
713
5476
4557
7636
2213
2613
1775
1327
7252
1641
1105
2318
7145
7959
1791
7390
4073
578
191
1374
4845
4653
7894
7500
1544
3760
4751
1948
5738
3084
247
1200
5700
1212
2156
1733
7469
2764
1880
7914
4741
2030
7736
7031
408
2443
4834
5435
4612
6231
6
5686
1631
3688
7860
2057
4627
4232
222
7338
7691
1033
3679
5724
1235
4888
1341
2079
186
5141
107
6052
7675
4706
3922
5059
4253
3450
5650
3504
3032
1925
2051
2412
6329
5993
2368
5304
5448
4834
2662
2511
5607
7765
1049
6036
3837
2209
6728
3786
2452
2744
4722
7747
3456
2285
2474
3547
1282
7374
4183
3045
2411
6451
446
614
2245
3543
5380
1089
4654
7655
5998
5107
7686
4569
1452
7808
843
2751
3478
3565
7555
4828
2613
1456
2139
5558
3973
7397
4365
4396
1145
7490
647
6474
4160
7885
2953
6875
2247
6477
4942
190
7935
3134
4400
5756
2144
2697
3014
2265
4526
7730
7055
5673
2363
852
2131
1957
4013
2186
4039
190
641
3952
2290
4530
400
3722
462
2012
785
7746
433
1808
5792
664
6956
1127
5309
341
691
4376
6424
6656
5247
585
2252
4821
497
4324
7337
4019
6648
4524
2166
6293
244
6098
7222
6915
3356
1539
4971
7626
5597
2053
7129
2601
6531
578
3596
1293
4573
7651
732
7552
3164
2657
4720
4701
5117
1368
3393
6599
6504
7582
5216
4058
535
1298
7995
5858
5882
3064
7708
3595
7259
7108
3122
217
574
4724
276
89
11
995
323
2456
6574
476
1903
1810
6527
1516
5245
4461
3422
5179
3912
4775
7073
4891
5094
4238
1330
2914
364
47
6130
7029
3188
80
7267
7974
5085
7714
708
256
7380
2545
3517
415
6098
5918
6846
1990
6502
2511
1188
6315
6837
7653
2588
277
7743
1646
3722
745
932
3356
7276
2817
1126
3127
762
4223
688
5902
721
5921
5400
755
2001
2645
3297
2472
5316
5262
5316
4948
1856
7319
1967
5882
462
5032
6479
4204
7051
5239
2635
5116
5647
3344
208
2356
2253
7464
6676
6535
7994
3118
6421
1926
6770
6820
418
4439
599
4141
5149
1572
4219
4775
511
1104
3968
3834
2076
5167
3581
7793
2089
5366
7780
2889
2555
368
3362
5640
7569
1779
2823
2385
3029
2195
4071
6388
543
469
640
74
6011
7783
2268
5058
1068
5710
2425
310
3697
4319
5544
3138
1606
4594
2099
3605
7598
7828
2754
4488
816
5948
2624
6895
2656
7296
889
4590
5983
4425
5574
6991
5989
6277
5805
6033
7934
6235
1347
5186
7507
4580
6675
3024
427
6040
6148
2588
3313
6534
3061
5072
4792
4105
6700
4467
6972
7799
2480
4154
4139
5851
2355
2849
7716
6886
3060
7355
5566
7969
1060
134
6988
934
6216
1923
3487
3856
2590
4037
6221
48
5187
5639
2801
4993
1940
322
1267
3102
1300
1599
7946
5811
590
2858
831
3506
6075
1705
115
647
7781
7468
931
5197
141
4868
3883
3714
1674
6328
5385
3832
4468
534
612
4110
5120
1863
5837
1439
3308
2470
196
4281
5470
5330
7358
6865
4552
6786
1893
757
846
601
673
6785
3627
2683
6870
1430
5073
478
5485
1416
4047
6820
5848
4631
5368
7592
7056
5409
3970
5334
1377
3221
4076
1217
4329
4523
4003
1327
4445
6162
3943
4663
7628
3946
7658
2447
936
4340
1273
2143
4674
391
2269
4890
2901
2180
6468
1421
4614
908
3484
1016
5674
5040
4608
7646
6089
872
5910
5848
3937
3784
5879
3886
2222
2993
6417
2728
1193
2692
650
5154
1487
1949
2982
5855
1251
3133
6251
1439
1974
199
7555
6132
4198
6128
2849
1617
7525
2673
488
7588
3004
1918
1352
7142
4495
4604
7594
5424
5986
5487
2702
3216
3932
1649
306
156
3147
5546
2742
1606
7913
6844
1855
7089
7454
3326
1241
2307
1605
748
7456
5116
7667
4381
5408
3014
4725
2293
379
3916
1050
5403
3275
6672
4402
2349
6793
184
5460
1459
5550
5289
6054
3538
791
4247
1944
1155
7342
4764
1074
2755
2503
4487
5648
7435
6216
1654
42
4866
1933
1383
1817
5106
4874
4811
6295
7736
1267
7196
2759
6592
3864
497
5493
3505
2581
2832
30
7653
7529
5443
1523
1180
7589
6318
7898
7025
3528
927
886
1037
2920
2023
3880
7706
4051
2024
2326
7866
1591
3632
2538
6650
3071
645
478
7873
6335
6785
4536
5006
3602
2209
784
6113
1410
1944
2457
2615
5287
5801
4703
2044
7507
3060
1294
1533
6318
4112
7284
92
2526
7259
1224
4551
1834
4558
2730
298
3742
5845
748
3684
945
1565
5074
4472
6629
2030
598
7814
5487
187
7791
4729
7832
1207
275
7361
1699
2283
6203
900
7408
4102
166
2896
7008
2932
6816
7573
4922
5234
7044
4305
2829
2656
6080
11
4183
727
4056
6980
4774
6334
2222
7531
2301
3736
3968
7952
5177
5152
498
2843
6773
5976
5646
7806
5034
3870
3081
6248
2267
5504
3335
2235
112
6801
2338
6081
3745
1980
7655
1691
7381
2201
2146
1721
523
2942
4444
1745
2554
5208
2593
6537
3892
186
6407
6775
3472
884
5483
1548
1672
5928
3390
524
7072
7193
6465
3330
3721
2757
6988
1201
196
5621
2261
3405
3146
146
6703
5931
748
4346
6225
6199
1079
595
1817
7589
6234
4896
5456
5226
5003
1105
2672
4971
38
6432
1315
310
7255
281
7502
752
5691
2297
2574
4750
6786
4155
5442
5384
4568
5871
2441
4875
3076
4556
5709
943
7120
2695
2048
168
3626
1125
2341
4288
2762
6989
2131
3333
6997
801
6645
4030
4225
5646
6102
1060
4795
3106
7515
1423
7941
5726
3601
751
5668
3981
4073
3516
5817
5716
6081
7024
878
1865
486
5171
3347
7048
1622
5847
329
5124
5258
709
4512
2652
244
3703
4028
7855
2245
6888
7613
496
1074
5001
7839
7037
5368
1206
4062
5100
1693
3112
7134
6695
7353
7532
1483
3131
7350
2132
5372
4779
340
4140
5150
778
6640
7343
78
7817
5573
1531
7750
5709
2611
707
7612
6148
5439
4356
3783
5562
1564
3514
3204
4775
6889
4499
4280
1932
954
1764
5751
2622
4123
5659
1092
5825
5010
1781
2041
664
677
5552
873
2460
2204
4548
6213
4300
6600
526
2492
6756
452
3213
1702
3825
3963
5648
4899
3555
6314
2223
5823
228
7464
5050
409
1768
4387
879
6981
1861
6124
1904
7854
326
7926
6963
3136
3962
6554
1724
2053
978
5663
4488
2446
3051
377
5771
4692
7977
6927
7517
223
965
449
3313
295
5224
2346
4870
2233
2360
6178
6753
7453
7986
7624
2298
1078
2169
702
5174
2217
5933
5044
2453
1986
1920
2090
109
595
581
5296
7255
1245
2762
561
2664
2292
2216
1007
4514
3103
4440
6800
2412
6782
2760
4762
192
2543
3439
6139
2852
7857
7965
7756
1819
2378
2454
5526
1884
359
160
2774
643
6531
3035
6205
5767
6602
3409
571
940
5629
334
2109
7481
2072
4146
5812
5421
5234
5316
3353
110
4198
2057
3502
898
3952
7702
4038
769
5465
2914
3719
3723
6615
7455
7023
502
7471
4875
5781
5642
4892
2369
6386
7473
3444
278
5791
4521
2825
673
4832
7356
6349
7834
4066
5298
2234
3431
2369
2885
1905
4146
3341
1365
610
255
1742
7965
7339
3325
1925
3878
7172
6362
1141
5882
7834
4700
6562
3932
4794
4334
153
1142
1777
7863
1008
6995
7026
3505
3727
1102
7095
2105
624
2507
5291
6690
6626
2468
4232
4111
2836
1575
7485
385
3280
7422
2834
6061
4998
2158
7054
1682
2123
5
6297
7817
7969
6797
7326
5278
7481
3206
2803
3678
7862
3219
5244
4273
7796
6772
524
6762
5961
2420
6350
6301
2634
484
5924
4721
4818
6535
4557
3126
5246
7695
2380
6776
2364
6344
7175
6356
3462
2964
7917
7626
1897
6871
5019
2772
4299
4851
4481
1910
2220
4471
2560
535
2732
211
5399
143
6286
464
2687
3329
7419
4413
83
5227
458
109
6580
6139
126
3359
6444
6116
7184
1662
5905
6514
2415
5131
5485
7898
6150
151
6875
4694
4029
4661
4212
1200
5442
1711
6636
7516
4233
3576
7350
4298
4753
7394
3055
5820
4394
593
2745
2261
884
2160
5158
3315
3817
2786
6041
1407
4830
4412
2023
6019
3141
7409
899
2171
3639
5645
1563
3630
4208
3815
4477
6526
2139
1104
6078
6847
4881
6545
7068
5509
540
7765
7842
321
7872
7906
4236
1293
4348
2574
1004
4933
3149
175
7884
6745
1076
6163
597
6944
4793
4209
880
7855
5744
2208
7402
2923
2363
3079
2013
3483
2704
1173
6221
3393
1340
562
4816
3819
2408
5557
5554
4421
2524
2199
3479
1713
1729
295
6370
7450
363
6592
3094
2564
3542
2808
2747
5544
1008
6043
7300
448
2776
7448
4526
4190
2214
1273
107
5889
1259
7577
6144
1258
6202
401
812
812
5351
1139
3786
6467
6222
2171
7544
6182
2519
770
2105
3232
5753
5429
7768
2843
7165
5254
6030
3390
645
1313
5094
4280
6156
4450
7519
7709
7279
7685
4434
1650
1773
157
5717
4803
3371
3977
6238
7805
507
6629
2668
1528
6621
2749
1378
981
5126
4551
1973
2697
6945
6865
6345
6712
5204
1592
855
5830
3012
4635
4946
4010
2907
3343
5770
3524
969
5652
4304
6704
7112
3912
667
7771
869
7963
7210
1813
5692
899
5867
4840
5891
2097
3548
4776
7817
6019
1136
2700
6656
5051
1140
7548
442
3056
2290
7787
5872
3587
4758
3559
6024
4053
3535
3247
7447
247
696
6468
6437
994
888
5570
1649
3625
3047
6705
2421
43
2546
6424
556
717
3392
5329
6608
1256
661
3939
5864
4926
6967
7691
706
3315
976
6108
7166
5690
3156
7946
4556
525
3555
897
5621
5281
6001
6907
288
7577
4004
593
7054
7866
1661
7057
7720
735
699
6418
122
6957
7420
5060
1471
6026
2662
1227
4831
6666
7493
654
6710
7850
822
5386
7063
2881
2691
429
465
6131
3471
4896
4656
3944
2101
612
2631
3580
492
4384
3821
953
494
7801
5638
578
537
7268
644
7696
5269
5176
3181
5859
375
1096
2462
7921
6821
6191
848
5283
2107
4972
7258
6080
4142
4976
2743
7785
3631
5558
2762
3400
146
2387
607
3267
5744
2382
1268
821
7626
433
4024
4574
175
3872
2002
1113
2911
6058
2341
207
7344
5790
3986
2923
7409
1312
1535
334
910
2684
3671
771
1459
3769
1554
4917
4468
818
1527
223
365
1825
607
4549
2917
6589
2491
5154
4601
4998
3161
4449
5046
3038
4898
6031
7110
4954
5032
6417
6927
3225
4510
3218
6168
2004
7272
5952
2093
7543
7638
376
4101
7087
5610
702
35
3141
7202
1650
7418
1386
7602
5311
5652
3731
6674
4950
2804
5574
7800
6683
5947
3509
5095
5342
2824
3788
2792
7628
3043
3782
1816
1127
6876
7364
3490
6323
3695
2912
334
498
2475
4543
7739
1235
6036
5605
5224
4903
7941
3022
1721
3220
6041
5050
6008
4493
2636
1224
3227
5569
6174
6086
1669
6611
312
3208
2319
459
6802
2615
3015
971
4308
5356
1721
260
572
1725
1390
6633
1855
87
7987
5412
2483
3918
923
5705
4396
4592
4999
3464
613
6496
4965
3878
4386
4578
4407
6062
532
7218
534
6627
6269
7194
246
954
6677
643
7403
1030
6699
5132
3565
6708
4047
6745
6744
7224
5552
45
1846
4295
5762
6076
705
5959
5730
6074
1380
6148
4797
5944
642
3172
6830
4528
1785
5789
2662
4703
1960
5733
4049
5458
4271
2922
1783
2884
6069
1284
7136
5607
6512
7720
4219
449
4512
2334
2560
2937
477
7797
2709
5042
7251
2293
3118
471
4427
533
185
7735
684
7598
1529
5780
5697
5936
5936
6710
124
3796
67
3013
7355
2385
89
7959
7243
7699
6980
583
2411
3689
419
4551
5202
2429
3847
311
1267
4554
4564
6134
127
1161
6954
2680
748
5996
261
3928
5365
655
3618
5104
3745
5612
2212
744
2377
6734
3445
2763
276
4872
816
4768
262
934
6847
1975
6713
4516
4160
5314
233
6942
6958
2918
2871
648
6013
2194
870
2207
2949
1360
1130
1247
1699
729
7394
6263
7069
942
4643
4922
2756
548
3895
4375
7071
3264
485
7755
69
2947
179
5909
2059
4359
362
5803
1183
5259
6489
3243
2804
204
1500
6740
864
6869
1630
2166
3010
3223
1693
551
2599
700
7725
4536
4590
5689
7616
1831
5355
4963
3300
4246
5130
7043
6989
5436
501
6828
2389
1307
5815
1932
4161
370
289
2370
2886
3699
620
1583
5388
4535
2209
2896
1073
3185
5366
331
1681
4513
6586
4615
1093
1354
3699
5185
4905
1125
197
3932
1507
855
4501
6713
5728
2785
6063
2696
2657
6871
3301
6174
4535
6483
185
1991
1418
1770
2941
5981
32
5791
3833
2649
7516
5847
3341
106
4037
2509
472
1092
3402
1863
2200
1659
6594
1161
2706
1872
4600
136
5108
2251
5414
5601
7097
4938
705
3723
3981
1304
4406
7562
1905
65
692
2790
1826
2533
3626
6364
565
5388
6866
1683
1670
6521
4462
2578
5777
2946
529
6703
5984
2782
7458
1163
551
2176
2269
4924
4268
6371
2010
3787
2346
423
3666
1696
7736
1371
5919
7994
2150
7387
4547
2723
488
156
3884
5412
4342
453
5494
7925
690
3073
3570
2039
587
402
7142
1701
6242
360
2132
6024
3436
306
5184
6827
3544
1396
5548
5071
5937
6681
5862
5536
2117
5131
3652
103
7431
6722
5935
3136
6642
1369
1502
2703
3055
1639
5284
1135
7161
7692
4909
1899
959
3018
6149
5361
842
23
7385
3331
607
5424
6082
4656
679
3119
1407
4227
4813
3872
450
2426
5608
3793
6319
4921
6234
6632
352
1216
1399
825
4716
5403
4970
7960
4393
3224
7573
4844
7151
3646
4344
5253
7711
3836
340
1200
100
3424
7760
5512
3641
6794
7707
2638
2092
6367
7443
2684
7393
1922
6758
4695
2777
5056
3191
5252
3444
6794
5571
7324
3573
4649
7300
1603
7878
7277
3157
629
4924
166
280
3809
7963
2455
4949
6075
4509
1704
7971
589
687
5211
2316
3341
4861
513
7148
2805
4527
6126
4250
1103
2228
106
6666
6927
3710
4393
2610
1766
6222
5758
3884
7188
4337
2379
3228
6910
266
6268
5842
5696
4371
3957
114
7748
5279
1032
1106
1556
3490
2796
3683
4460
5234
1386
2068
1940
2191
1818
1459
7916
3810
334
4821
329
4610
2445
3257
895
6140
2691
4584
7615
3348
1782
5471
3236
3655
6396
5296
3464
3411
6060
294
3548
3257
3154
168
376
1538
7399
2656
4719
3584
7167
2076
2471
1558
517
4404
6887
3451
6437
5229
4978
378
2760
7901
2836
4157
3525
4688
4282
3532
853
2091
3463
273
1672
4367
1763
4894
4663
3968
6294
1521
7290
135
343
1654
3675
1620
5150
2061
2570
4776
5440
4686
3410
6962
3452
1034
2635
7288
6481
20
7633
1273
403
4800
2038
6033
7422
2027
3892
1052
330
5372
102
222
6464
6760
2679
5283
2123
1916
986
4962
914
7191
2235
1639
1093
1077
310
7537
630
1204
5768
89
7979
6672
2946
1269
625
7474
7045
2684
2227
4969
4138
7531
2379
439
7809
3815
3351
6735
5181
6563
2640
1437
5421
3268
5015
391
1966
7683
6481
6642
1376
7444
2741
1033
3926
1989
739
5625
2066
6760
3256
1152
2928
2292
3423
4712
3489
297
554
2318
1179
5555
3809
4200
5135
3537
4505
6087
5852
3638
649
3289
258
3824
7578
3569
5337
5767
1853
2571
1347
6760
2561
1610
671
706
7653
3461
127
2929
3626
3778
3676
3418
941
5185
3529
22
2100
125
1510
7122
7239
7022
662
373
321
4050
371
452
1382
2861
2496
2819
2999
2575
94
7709
7684
5333
2883
262
4034
5234
1129
5599
6045
5487
899
1882
7440
2545
7157
1822
1842
7419
4356
3053
5907
3251
7052
4164
4231
7209
3569
195
5762
5589
5527
973
5157
4832
7830
2738
5720
7655
1896
1355
1689
3899
1061
166
6803
3628
6770
163
3379
6983
4021
2014
4215
29
5004
5455
328
3718
4606
7726
6217
7974
7665
4442
2736
3695
5022
379
3733
551
4867
5606
1160
4908
279
7810
3880
501
1923
4073
6257
4378
1551
5457
6998
7319
6683
7916
3856
3725
5327
7373
1141
5129
3732
6795
4108
7049
197
5866
2528
1980
2528
312
5843
1930
3266
1334
3765
2068
5330
4216
5909
3965
60
4239
3415
1065
609
3876
1095
6724
7436
4519
3181
5767
2088
7914
4450
950
1841
2695
738
4077
5737
4169
7073
7773
7180
3146
4195
82
3461
3992
327
7031
4642
1565
35
4059
3206
5631
7510
373
5854
5830
3162
6374
3926
5949
2265
2687
2124
5786
2562
1987
644
609
7515
2478
4702
5
3545
6070
2694
4304
3758
3792
4075
4998
2530
2102
3890
6981
1893
4328
3179
2160
548
1520
1732
5325
3546
171
3964
1642
2217
6469
7003
1031
553
2244
1889
560
2368
4104
7932
2794
5170
6161
4350
4752
4283
3841
3213
7998
3291
6563
4764
3182
3442
5549
6363
5665
76
3010
427
5889
5950
6523
6165
644
6898
3431
1083
1043
1087
7568
3215
1836
6397
5441
4674
2629
5015
5700
3328
3186
7777
4592
410
1224
4588
7652
6275
4099
7896
2509
4864
7269
1258
5998
3546
4320
7518
96
4310
3574
1535
3927
3878
2079
7220
7400
6241
7083
157
1416
6449
2088
4447
5783
3596
966
6907
29
4453
3257
4838
1363
4771
415
5205
6053
6930
739
6871
7222
5272
161
6951
420
4395
7371
1986
6734
386
4619
246
6804
7625
3753
188
7966
5785
3440
5191
5728
551
1740
221
2268
6396
7543
5798
3624
6629
5012
3970
4721
1195
1627
3680
1600
4997
3831
2061
1532
7501
5932
1225
689
2737
893
1376
5135
427
6797
4407
2806
7219
3652
7462
1008
435
7988
7685
191
4859
61
6858
2202
4214
2222
6546
562
1820
5548
2301
5113
4586
536
7679
741
6031
3564
180
5745
3881
7846
1396
166
1775
2601
4392
1368
2800
3744
924
4851
2364
3236
597
4664
5217
7776
3172
5250
7833
883
123
2190
5697
7829
2368
3642
7053
7486
6560
6413
3258
5443
2406
2488
7301
4930
6476
2523
6619
7617
6672
4171
3024
6930
1739
339
2771
4474
1663
2616
1762
6930
1967
7170
7802
5100
7923
6455
6482
7418
5195
7146
2120
7404
7092
4532
2012
4953
3897
2114
3932
7072
1804
1104
2783
5967
5397
4851
3894
387
1994
925
544
3985
6528
7389
317
4453
384
6949
2757
1321
862
7952
5242
6057
6982
5603
4955
4020
3096
1172
7067
1157
2294
840
4882
3747
7707
6753
3121
2245
4782
6520
571
4154
4758
3111
6642
648
5201
2507
6992
1427
5056
3464
1080
2689
3781
13
3244
6684
5072
7193
3264
3576
1526
7421
1231
5333
5060
292
1900
2822
2514
5522
3676
5971
6171
7529
3394
1565
459
3825
4058
1472
7066
2776
4842
638
601
7224
1590
7001
3082
6297
4980
7616
3061
5431
4735
6830
2872
645
2127
784
159
6129
2985
7014
5301
6762
7635
2667
4121
1376
6731
7160
4436
2379
7416
1894
6889
174
6305
4531
7406
1373
2653
4454
795
7229
971
310
353
3147
1219
1449
7484
4319
7692
57
4172
626
5647
6075
5089
6942
2315
4162
5269
6758
2443
5570
4574
5878
6229
3569
6115
4396
1637
5619
335
22
6041
117
4196
1598
4270
4953
6739
1380
5355
916
7369
330
924
1493
139
5622
4482
1960
1157
5491
5705
7129
6687
665
2106
5148
2770
3342
3570
3756
7162
7565
4883
7027
7660
1958
57
2090
3273
5446
368
4609
3731
7545
5412
513
4224
2285
3736
4464
717
3385
5275
6389
2901
6173
2744
7036
3490
5580
7470
5404
3395
1383
2336
5623
5023
6348
3340
3234
3080
2127
5185
3655
6355
5639
7501
3079
7400
1421
7413
6627
7893
2944
4138
1052
1064
7821
1784
4505
6652
7405
639
4682
4563
7086
231
459
6053
119
7632
651
7096
2182
1864
4077
7665
3837
7105
7022
1130
1757
7682
6601
7812
2065
5724
2711
895
4334
928
7099
2887
2809
7759
1597
4369
6826
5074
821
6311
3247
5355
7723
7360
1844
6828
636
6036
4130
2279
6527
3822
101
6309
809
6467
3571
987
1774
4290
1290
5017
2025
1388
7480
2565
1278
2854
4833
5896
4734
3149
2173
6151
1419
6089
4192
2261
828
2405
3134
1062
131
990
7342
5127
5644
7033
1518
3789
3305
5018
7272
1420
301
3603
7731
4937
5205
3002
1117
1329
494
2174
4264
4875
6898
6139
850
7019
1653
267
3162
5480
1791
3552
5375
7569
3003
1551
587
5980
720
7023
3408
3871
1677
3235
5106
3971
3978
436
229
7605
2828
2019
4280
5598
2602
3005
3987
6486
4846
1071
3452
2004
3518
7836
6944
1897
5052
4013
2385
7087
554
6120
2443
4476
1874
4549
5307
7515
2085
189
5570
1020
3042
1571
4214
5610
5625
1591
7849
2878
881
1593
175
786
3975
2043
4570
1209
2391
6970
7752
1389
